[{"id": 0, "img_name": "image000", "width": 512, "height": 512, "position": [2.2231501264460376, 2.09280807296649, -1.5281870381658547], "rotation": [[0.4712667049672543, -0.6125809752848702, -0.6345488487960121], [0.1581428616049106, 0.7664796322511696, -0.6224948262174732], [0.8676972560246557, 0.19301171483396917, 0.4580916391117978]], "fy": 1229.7384243188899, "fx": 1229.7384243188899}, {"id": 1, "img_name": "image001", "width": 512, "height": 512, "position": [-0.7631181049476377, 3.158464341836817, 1.2913459631935158], "rotation": [[-0.9348335424738698, 0.2909739495307507, 0.20352004461534431], [-0.08118136545181731, 0.3828397798859274, -0.920240886311988], [-0.3456816942927902, -0.876794082799018, -0.33426980509686366]], "fy": 1229.7384243188899, "fx": 1229.7384243188899}, {"id": 2, "img_name": "image002", "width": 512, "height": 512, "position": [0.718123573180622, 2.4936558084538234, 2.406747451407034], "rotation": [[-0.9577108061930505, -0.19484708284949262, -0.21171827036441698], [0.024285338793181576, 0.6784519490446344, -0.7342432670152564], [0.2867058318569014, -0.7083343611195069, -0.6450288356629201]], "fy": 1229.7384243188899, "fx": 1229.7384243188899}, {"id": 3, "img_name": "image003", "width": 512, "height": 512, "position": [2.846551283246269, -2.0358505471468047, 1.010056121128581], "rotation": [[-0.19785848142407128, 0.554150833630094, -0.8085597534602077], [0.1602137186048264, 0.8320565399552203, 0.5310494126619106], [0.9670489055365161, -0.02446973446563086, -0.2534120091783489]], "fy": 1229.7384243188899, "fx": 1229.7384243188899}, {"id": 4, "img_name": "image004", "width": 512, "height": 512, "position": [1.6276481125861342, 1.0431130714875894, 3.052522521149749], "rotation": [[-0.8788584524684435, -0.10644906915202565, -0.46505528295186566], [0.05950761036717225, 0.9427177299617623, -0.32824095710945417], [0.4733568049929793, -0.3161516681790703, -0.8221809155377114]], "fy": 1229.7384243188899, "fx": 1229.7384243188899}, {"id": 5, "img_name": "image005", "width": 512, "height": 512, "position": [-3.5051894775783428, -1.0094286376113641, -0.0895610924111745], "rotation": [[0.09771642613580542, -0.23061396233339956, 0.9681263866046287], [-0.16503806295539197, 0.9555578129967178, 0.24427792326950398], [-0.9814346324840882, -0.18364766918700323, 0.05531361281821357]], "fy": 1229.7384243188899, "fx": 1229.7384243188899}, {"id": 6, "img_name": "image006", "width": 512, "height": 512, "position": [1.6100934090707264, 2.9981999632827065, -0.33933950359682463], "rotation": [[-0.04544493608920605, -0.8847742097359452, -0.463798830927786], [0.1630662456520647, 0.45148102403793494, -0.877253831261282], [0.9855679364269052, -0.11549667839289104, 0.12375928234851998]], "fy": 1229.7384243188899, "fx": 1229.7384243188899}, {"id": 7, "img_name": "image007", "width": 512, "height": 512, "position": [-1.8865254143238999, 2.1661985653636884, 2.1220949105045923], "rotation": [[-0.7968613719608341, 0.31118645572229353, 0.5178561032291635], [-0.1218231421336372, 0.7567803731740438, -0.6422169328344144], [-0.5917525461858062, -0.5748447238633682, -0.5651393346149807]], "fy": 1229.7384243188899, "fx": 1229.7384243188899}, {"id": 8, "img_name": "image008", "width": 512, "height": 512, "position": [-0.7662379565999964, 2.011285966919738, -2.6565173740078656], "rotation": [[0.9621556022191075, 0.18079746619571793, 0.2038844607506788], [-0.023368750666077954, 0.8001860266024792, -0.599296441106105], [-0.27149677458616983, 0.5718519030722418, 0.7741284792216092]], "fy": 1229.7384243188899, "fx": 1229.7384243188899}, {"id": 9, "img_name": "image009", "width": 512, "height": 512, "position": [2.0570321632727553, -2.818508526421132, 1.1725185184064515], "rotation": [[-0.28485597182851136, 0.756687446329758, -0.58845661172306], [0.1537466041404302, 0.6420082406461981, 0.751124091384146], [0.946160164575174, 0.1234889772786344, -0.29921800658007985]], "fy": 1229.7384243188899, "fx": 1229.7384243188899}, {"id": 10, "img_name": "image010", "width": 512, "height": 512, "position": [1.783949196054546, -2.1119139130133258, 2.456885706316079], "rotation": [[-0.7469514432195301, 0.4257107709988949, -0.5107189843032934], [0.09457582480562508, 0.8283581592270433, 0.5521577432259009], [0.6581177363014896, 0.3641333540030503, -0.6590052698331724]], "fy": 1229.7384243188899, "fx": 1229.7384243188899}, {"id": 11, "img_name": "image011", "width": 512, "height": 512, "position": [-1.3778616861261237, -2.4001906960293304, 2.5249885489559816], "rotation": [[-0.8200307832009344, -0.43123858575072493, 0.3762748952063854], [-0.1137868423235511, 0.7671775841265341, 0.6312615218178675], [-0.5608939909794871, 0.47483874796976, -0.6781785121261314]], "fy": 1229.7384243188899, "fx": 1229.7384243188899}, {"id": 12, "img_name": "image012", "width": 512, "height": 512, "position": [-2.600708569873409, -1.8041420079803303, -1.7505137985748649], "rotation": [[0.6310648233362454, -0.2977806348323374, 0.71629873814383], [-0.11544018411068159, 0.8770546304444085, 0.4663139919716262], [-0.7670924016310453, -0.37696401517236633, 0.5191024741079961]], "fy": 1229.7384243188899, "fx": 1229.7384243188899}, {"id": 13, "img_name": "image013", "width": 512, "height": 512, "position": [-3.5052690760894256, -0.796122664993649, 0.7048829436530527], "rotation": [[-0.13553516269266053, -0.2084198522332428, 0.9686028003619165], [-0.17117253168576713, 0.9678488384917625, 0.18430569775899924], [-0.9758740615828246, -0.14081829080492264, -0.16685330354722117]], "fy": 1229.7384243188899, "fx": 1229.7384243188899}, {"id": 14, "img_name": "image014", "width": 512, "height": 512, "position": [1.707622411231506, 1.7960569771199035, 2.5594467729213726], "rotation": [[-0.8384447727720119, -0.24290121278449767, -0.4878620336110504], [0.07052841528960878, 0.8392928015751271, -0.5390856479826845], [0.5404036506612682, -0.48640167973804793, -0.6865692246962278]], "fy": 1229.7384243188899, "fx": 1229.7384243188899}, {"id": 15, "img_name": "image015", "width": 512, "height": 512, "position": [3.342107422964866, -1.2679194072741127, -0.16655475949927945], "rotation": [[0.13551359123583473, 0.2958694230388703, -0.945567211308119], [0.16926436186440758, 0.9334268593829241, 0.3163287435329981], [0.9762098352265265, -0.20291767466925212, 0.07641187678510174]], "fy": 1229.7384243188899, "fx": 1229.7384243188899}, {"id": 16, "img_name": "image016", "width": 512, "height": 512, "position": [1.520806824131223, -0.7707877302307866, -3.054374815560897], "rotation": [[0.900361858258089, -0.0076750334421009665, -0.4350742672874407], [0.0943027264251496, 0.9795241666366299, 0.1778746827505228], [0.4248005649511593, -0.2011802695009587, 0.8826499754606565]], "fy": 1229.7384243188899, "fx": 1229.7384243188899}, {"id": 17, "img_name": "image017", "width": 512, "height": 512, "position": [1.9391646840023062, -2.556991489429923, -1.6172389251011323], "rotation": [[0.7375487065137158, 0.3860504235982832, -0.5540640540222138], [0.13031759029192058, 0.723688004078592, 0.677711589404557], [0.6626003555541241, -0.572049598542233, 0.4834459903931547]], "fy": 1229.7384243188899, "fx": 1229.7384243188899}, {"id": 18, "img_name": "image018", "width": 512, "height": 512, "position": [-3.2973142375401814, 0.6429421159066164, 1.3706684162984972], "rotation": [[-0.3903199729598446, 0.13745260797275433, 0.910360971961185], [-0.16508470147115478, 0.9623187073755398, -0.21607810341459804], [-0.9057578926229708, -0.23462626876920306, -0.3529208890879595]], "fy": 1229.7384243188899, "fx": 1229.7384243188899}, {"id": 19, "img_name": "image019", "width": 512, "height": 512, "position": [2.4372242523083005, -2.6798999546298696, -0.2425187868448723], "rotation": [[0.3017640794723909, 0.6532342917943544, -0.6944230701554411], [0.1642720094236559, 0.6818584595401547, 0.7127999355172824], [0.9391236059540272, -0.32917168951393105, 0.09845228063609988]], "fy": 1229.7384243188899, "fx": 1229.7384243188899}, {"id": 20, "img_name": "image020", "width": 512, "height": 512, "position": [-3.338907413247784, 0.07942593386067685, -1.268457470768573], "rotation": [[0.37229277379066184, 0.11064290919417176, 0.9214967375028005], [-0.14793198806862357, 0.9872497068176505, -0.058771960104523374], [-0.9162500845780696, -0.11443846832911272, 0.3839135572979508]], "fy": 1229.7384243188899, "fx": 1229.7384243188899}, {"id": 21, "img_name": "image021", "width": 512, "height": 512, "position": [0.43588350950884525, 3.40538662248799, 0.22086603556424872], "rotation": [[-0.7802818975214625, -0.6109762495414353, -0.1336719226187279], [0.0838813348534772, 0.10956581816337789, -0.9904338711662624], [0.6197774455911607, -0.7840301996648286, -0.034242721124705]], "fy": 1229.7384243188899, "fx": 1229.7384243188899}, {"id": 22, "img_name": "image022", "width": 512, "height": 512, "position": [2.524993439585989, -1.0440132781084226, 2.4292657231834323], "rotation": [[-0.645085283241254, 0.26451474394770735, -0.7168660457713351], [0.11234857240810231, 0.9608081694012639, 0.2534274252910557], [0.7558060436536694, 0.08294342557473162, -0.6495210639621447]], "fy": 1229.7384243188899, "fx": 1229.7384243188899}, {"id": 23, "img_name": "image023", "width": 512, "height": 512, "position": [-3.503884036239392, -0.7508172391426305, 0.7695709805370295], "rotation": [[-0.15506150692531978, -0.19878071536495817, 0.9676994142134446], [-0.17036009934330842, 0.9702530332125854, 0.1720072326779188], [-0.9731050126383004, -0.13818566763877166, -0.18431319984591404]], "fy": 1229.7384243188899, "fx": 1229.7384243188899}, {"id": 24, "img_name": "image024", "width": 512, "height": 512, "position": [0.6922085213654334, 1.2633568495108158, -3.103792529550979], "rotation": [[0.9663988263986688, -0.15622498621888542, -0.20412511363422217], [0.06608314161172028, 0.9184218593563572, -0.3900439804062324], [0.24840758186899287, 0.3634488161176496, 0.8978856449084587]], "fy": 1229.7384243188899, "fx": 1229.7384243188899}, {"id": 25, "img_name": "image025", "width": 512, "height": 512, "position": [-3.2414283918418154, -1.2079543741642238, -1.0759313319513026], "rotation": [[0.3853782384218171, -0.2244547471445597, 0.8950439541358675], [-0.14647014939250708, 0.9427885192755431, 0.2994934110446595], [-0.9110598820537723, -0.24651546484247286, 0.3304542584166012]], "fy": 1229.7384243188899, "fx": 1229.7384243188899}, {"id": 26, "img_name": "image026", "width": 512, "height": 512, "position": [-3.2129679579587593, 0.9476059735518692, -1.1426321550614327], "rotation": [[0.31662625542632, 0.335131915569771, 0.8873750129123775], [-0.15271849212171343, 0.9413127519072183, -0.30101057333743275], [-0.9361756654275821, -0.04021072323890335, 0.34922517262910396]], "fy": 1229.7384243188899, "fx": 1229.7384243188899}, {"id": 27, "img_name": "image027", "width": 512, "height": 512, "position": [2.681359845301931, -2.0791548975739103, 1.3603084705585995], "rotation": [[-0.3232009621506219, 0.5607647731914258, -0.7622886639669255], [0.15059052937643408, 0.8257328308716125, 0.5435878811037623], [0.9342717112955081, 0.060894672741719835, -0.35132350946761476]], "fy": 1229.7384243188899, "fx": 1229.7384243188899}, {"id": 28, "img_name": "image028", "width": 512, "height": 512, "position": [-2.3617018915068977, 1.30638017036738, -2.1985136465979855], "rotation": [[0.6654124618967177, 0.36671277753832743, 0.6501907368939321], [-0.10872547672551428, 0.909337194728399, -0.4016025858909469], [-0.7385154204641626, 0.1965390675504767, 0.6449553229976709]], "fy": 1229.7384243188899, "fx": 1229.7384243188899}, {"id": 29, "img_name": "image029", "width": 512, "height": 512, "position": [0.4441259709483694, 3.396569646947579, 0.363894569905337], "rotation": [[-0.8332003543152067, -0.5360567435307301, -0.13572154318398547], [0.07371786949790472, 0.13557150115930972, -0.9880212769926066], [0.548035441632841, -0.8332247810696943, -0.07344126173791092]], "fy": 1229.7384243188899, "fx": 1229.7384243188899}, {"id": 30, "img_name": "image030", "width": 512, "height": 512, "position": [2.6857914790409576, -0.7975658431428334, 2.3292978943539238], "rotation": [[-0.6104547488703624, 0.21768016727455103, -0.7615512749361962], [0.11785728640031544, 0.9757530204752192, 0.18443346517332626], [0.7832334643157025, 0.02283391794699297, -0.6213082588918429]], "fy": 1229.7384243188899, "fx": 1229.7384243188899}, {"id": 31, "img_name": "image031", "width": 512, "height": 512, "position": [-2.2174779058676286, -0.9614622614897169, -2.61208794207101], "rotation": [[0.7897227503751348, -0.07645443761066005, 0.608681112331876], [-0.08428125272212203, 0.9692734769485227, 0.2310965108427892], [-0.6076468118730831, -0.23380257880048982, 0.7590136403034656]], "fy": 1229.7384243188899, "fx": 1229.7384243188899}, {"id": 32, "img_name": "image032", "width": 512, "height": 512, "position": [0.550765755012355, -3.657171105597064, 0.1677336133531469], "rotation": [[0.694728679916016, 0.7002139301470174, -0.16447648260531827], [0.1268022911961455, 0.10585894873917752, 0.9862631808595734], [0.7080065255698974, -0.7060413125305798, -0.015245482955233598]], "fy": 1229.7384243188899, "fx": 1229.7384243188899}, {"id": 33, "img_name": "image033", "width": 512, "height": 512, "position": [1.0451586348385993, -3.4612654237421867, 0.8273248918138707], "rotation": [[-0.12586567857751, 0.9443838032296616, -0.30380431720714995], [0.17230800216468928, 0.3223962337907059, 0.930790320548931], [0.9769686706062974, 0.06480664036229768, -0.20330350714809484]], "fy": 1229.7384243188899, "fx": 1229.7384243188899}, {"id": 34, "img_name": "image034", "width": 512, "height": 512, "position": [-0.5071341961878566, 1.3215530582382111, -3.1252648355309263], "rotation": [[0.9896640910523382, 0.0574078479557831, 0.13141280711800826], [0.0009294285245265815, 0.9137885490763384, -0.4061891477373292], [-0.14340196318100723, 0.4021129525022114, 0.9042903573442476]], "fy": 1229.7384243188899, "fx": 1229.7384243188899}, {"id": 35, "img_name": "image035", "width": 512, "height": 512, "position": [-0.06994315639558239, -0.9735559826935175, -3.374416514776109], "rotation": [[0.9996358254926826, -0.025404312044334233, 0.009101501036474913], [0.022560838227982324, 0.9718168076262103, 0.23465528119701973], [-0.014806247668253779, -0.2343644882330847, 0.9720360392934156]], "fy": 1229.7384243188899, "fx": 1229.7384243188899}, {"id": 36, "img_name": "image036", "width": 512, "height": 512, "position": [1.0659565341924324, -0.8926571455180956, 3.4240582453238146], "rotation": [[-0.9461260725309529, 0.09854501097724534, -0.3084385444276514], [0.032931466439761824, 0.9769090010531369, 0.21110263423152484], [0.32211950173077153, 0.18957237265186275, -0.9275243081083441]], "fy": 1229.7384243188899, "fx": 1229.7384243188899}, {"id": 37, "img_name": "image037", "width": 512, "height": 512, "position": [-1.6455809107739505, -0.04605242731539611, -3.094012479868754], "rotation": [[0.8916739389294805, 0.05888517640693842, 0.44883195366808326], [-0.053862241854700066, 0.9982608125707724, -0.02396265819827186], [-0.44946239613161243, -0.0028082174177139546, 0.8932948384372118]], "fy": 1229.7384243188899, "fx": 1229.7384243188899}, {"id": 38, "img_name": "image038", "width": 512, "height": 512, "position": [1.5593675290465403, -3.0151778610181674, 1.4759595406389692], "rotation": [[-0.49711616578651796, 0.7425336363524214, -0.4489090293132463], [0.13208493868107457, 0.5760946528123522, 0.8066402667699102], [0.8575716218994934, 0.341699794975451, -0.38446347476243664]], "fy": 1229.7384243188899, "fx": 1229.7384243188899}, {"id": 39, "img_name": "image039", "width": 512, "height": 512, "position": [-1.294098714932384, -1.522342626556656, 3.15452106174128], "rotation": [[-0.9053153892905588, -0.23831216090451532, 0.35158407227675254], [-0.09171509946380497, 0.9179181130539337, 0.3860241938763032], [-0.41471964800818, 0.3172280751959476, -0.8528622173970692]], "fy": 1229.7384243188899, "fx": 1229.7384243188899}, {"id": 40, "img_name": "image040", "width": 512, "height": 512, "position": [-2.8521615999295813, 1.8754250488269173, 1.0173411265011243], "rotation": [[-0.40821199202287833, 0.4610504245041037, 0.7879057530144701], [-0.1658688358290867, 0.8112658783689712, -0.5606560477645139], [-0.8976917616138719, -0.35955553209317653, -0.2546945630981858]], "fy": 1229.7384243188899, "fx": 1229.7384243188899}, {"id": 41, "img_name": "image041", "width": 512, "height": 512, "position": [-2.265343654792837, 2.4647702030655823, -0.9253106320722767], "rotation": [[0.2570427751774046, 0.7372406695012081, 0.6248241408288481], [-0.1586267341699849, 0.66996559466001, -0.72524731035587], [-0.9532924897090412, 0.08730576845357435, 0.28915589542505904]], "fy": 1229.7384243188899, "fx": 1229.7384243188899}, {"id": 42, "img_name": "image042", "width": 512, "height": 512, "position": [2.1967712679838862, -2.6084737499281188, -1.1650055051863688], "rotation": [[0.6072426430251301, 0.4883697532882357, -0.6266987765785426], [0.14713282000018996, 0.7060153115838914, 0.6927440458696793], [0.780774170788613, -0.5128716836424959, 0.35686738481831776]], "fy": 1229.7384243188899, "fx": 1229.7384243188899}, {"id": 43, "img_name": "image043", "width": 512, "height": 512, "position": [0.8707415818267124, -0.7253178531467434, 3.5169529275065297], "rotation": [[-0.965126714217309, 0.06368070850418615, -0.25391965829471547], [0.021868948384754176, 0.9861839793848161, 0.16420386079892893], [0.2608681172559138, 0.15292457673354515, -0.9531851337648003]], "fy": 1229.7384243188899, "fx": 1229.7384243188899}, {"id": 44, "img_name": "image044", "width": 512, "height": 512, "position": [-3.3688563797920796, 0.3047017636732343, -1.1386740760976721], "rotation": [[0.3288128284672329, 0.1652833701236989, 0.9298190853041951], [-0.15080361185833327, 0.9811214810675984, -0.12107398580290928], [-0.9322769945063853, -0.10040939671302815, 0.34753065845456943]], "fy": 1229.7384243188899, "fx": 1229.7384243188899}, {"id": 45, "img_name": "image045", "width": 512, "height": 512, "position": [-1.0487722808407534, 3.2957742383278616, 0.08527517332332003], "rotation": [[-0.5052594368225634, 0.8149257321201607, 0.28391715804115414], [-0.15345786701356773, 0.23891109625684293, -0.9588389703891889], [-0.8492135094034904, -0.5280317596639178, 0.004344678680236415]], "fy": 1229.7384243188899, "fx": 1229.7384243188899}, {"id": 46, "img_name": "image046", "width": 512, "height": 512, "position": [0.6258622264683263, 0.04788059542026901, -3.407873605602012], "rotation": [[0.9805693282433839, -0.06478456084484815, -0.1851668252804991], [0.05637672813646679, 0.997140576257302, -0.050322318168806064], [0.18789746414719288, 0.03890542195370463, 0.9814178065990338]], "fy": 1229.7384243188899, "fx": 1229.7384243188899}, {"id": 47, "img_name": "image047", "width": 512, "height": 512, "position": [0.04975722525060475, -3.4998970366036644, 1.3187915985848935], "rotation": [[-0.9964481829267715, 0.0811125095057139, -0.022622545029681678], [0.006437247770748597, 0.3412367134411193, 0.939955353855193], [0.08396178049012831, 0.9364711774537369, -0.340546844377302]], "fy": 1229.7384243188899, "fx": 1229.7384243188899}, {"id": 48, "img_name": "image048", "width": 512, "height": 512, "position": [-1.3538108081443136, 3.1870029929204664, -0.024513100410704137], "rotation": [[-0.3198114295416572, 0.872611148990094, 0.3691482523224358], [-0.16266804770349075, 0.3332571502936903, -0.9286973554578818], [-0.9334129610150353, -0.35705665437898837, 0.03536650637011484]], "fy": 1229.7384243188899, "fx": 1229.7384243188899}, {"id": 49, "img_name": "image049", "width": 512, "height": 512, "position": [0.25366878441488355, 0.9049745496605949, -3.3049900600501694], "rotation": [[0.9943742011450866, -0.06779562710804639, -0.08138612315436616], [0.0414936550782772, 0.9562485692358721, -0.2895979116336861], [0.09745883585040349, 0.2845916843117065, 0.9536819954970891]], "fy": 1229.7384243188899, "fx": 1229.7384243188899}, {"id": 50, "img_name": "image050", "width": 512, "height": 512, "position": [-1.1635626403141883, 2.3157599473995174, 2.4548432428601235], "rotation": [[-0.93043128633001, 0.18655264260900167, 0.31542944211642776], [-0.08669399187552057, 0.7242518369241311, -0.6840639067256136], [-0.3560642823858775, -0.6638202981587865, -0.6576935749734902]], "fy": 1229.7384243188899, "fx": 1229.7384243188899}, {"id": 51, "img_name": "image051", "width": 512, "height": 512, "position": [1.5020940610003313, 1.287870510605748, 3.0090854078896943], "rotation": [[-0.8928434893056995, -0.13331874174585787, -0.43018207389862717], [0.0542410283197764, 0.9163963670898888, -0.3965798900994189], [0.4470888216576611, -0.3774172909178317, -0.8109671843330091]], "fy": 1229.7384243188899, "fx": 1229.7384243188899}, {"id": 52, "img_name": "image052", "width": 512, "height": 512, "position": [2.4744449766393357, -2.61569995117555, 0.6252002600017296], "rotation": [[-0.03849826017923184, 0.7078491123315297, -0.7053137728235831], [0.16734504367549324, 0.7004357968034198, 0.693819379171269], [0.9851464461289088, -0.09131992514136066, -0.14542060016296443]], "fy": 1229.7384243188899, "fx": 1229.7384243188899}, {"id": 53, "img_name": "image053", "width": 512, "height": 512, "position": [-1.9688596163376506, 2.5081840894839766, 1.5437078262740043], "rotation": [[-0.7027592713438066, 0.4624224404481435, 0.5406430366797532], [-0.1319208184084993, 0.6620587672162094, -0.7377500162132055], [-0.6990896253061931, -0.5897827356935229, -0.4042647900412674]], "fy": 1229.7384243188899, "fx": 1229.7384243188899}, {"id": 54, "img_name": "image054", "width": 512, "height": 512, "position": [-2.9008559491216097, 1.3138364733200356, -1.4704251881609038], "rotation": [[0.42175929101479276, 0.4237309547964806, 0.8016053757242165], [-0.14113947843327837, 0.9039877989472906, -0.40359101449612916], [-0.8956554851449755, 0.05708009549480035, 0.44107041912604267]], "fy": 1229.7384243188899, "fx": 1229.7384243188899}, {"id": 55, "img_name": "image055", "width": 512, "height": 512, "position": [2.693117936577106, -2.4302151743739646, 0.2151276503759132], "rotation": [[0.10283326152368963, 0.6345294470113949, -0.766027219620696], [0.16920330012594678, 0.7477275980477558, 0.6420854167042127], [0.9802017973615889, -0.1956420711226167, -0.030473208822894955]], "fy": 1229.7384243188899, "fx": 1229.7384243188899}, {"id": 56, "img_name": "image056", "width": 512, "height": 512, "position": [2.832135210539998, -1.2785765853247602, -1.7017474929121557], "rotation": [[0.5693724135966075, 0.1812754764845606, -0.8018442842974373], [0.15135020549755898, 0.9355973150881947, 0.31898397968488607], [0.8080273324158164, -0.30297997561729506, 0.5052672208286648]], "fy": 1229.7384243188899, "fx": 1229.7384243188899}, {"id": 57, "img_name": "image057", "width": 512, "height": 512, "position": [-1.445295215739234, -1.9318870849529397, -2.647981852144835], "rotation": [[0.9023110501522661, -0.17625838252188095, 0.3934053270659728], [-0.05020464654078968, 0.863416441324284, 0.5019875917954779], [-0.42815214846924354, -0.4726997265089957, 0.7702212060956847]], "fy": 1229.7384243188899, "fx": 1229.7384243188899}, {"id": 58, "img_name": "image058", "width": 512, "height": 512, "position": [-0.6070711576946304, -0.2737257959414238, -3.427148584359008], "rotation": [[0.9872691527777838, -0.003939328778478943, 0.15900975335560974], [-0.002352454627700514, 0.9992222893454176, 0.03936092519907851], [-0.15904114540162684, -0.03923389050397488, 0.9864920759465128]], "fy": 1229.7384243188899, "fx": 1229.7384243188899}, {"id": 59, "img_name": "image059", "width": 512, "height": 512, "position": [-1.7479830971154369, 2.9908600172242923, -0.18632414717392767], "rotation": [[-0.13648012734895654, 0.8668143895378689, 0.4795893961806328], [-0.16522315000596163, 0.457421191280042, -0.8737660810938214], [-0.9767673651084581, -0.19849097676730476, 0.08078890147192995]], "fy": 1229.7384243188899, "fx": 1229.7384243188899}, {"id": 60, "img_name": "image060", "width": 512, "height": 512, "position": [-0.2196903242404261, 3.1778595772656906, 1.4333035800305531], "rotation": [[-0.998090722737488, 0.03463445255447801, 0.05114062848275328], [-0.03441004702952163, 0.3757892101309234, -0.9260660981877066], [-0.05129188872312556, -0.9260577326740641, -0.3738799511952819]], "fy": 1229.7384243188899, "fx": 1229.7384243188899}, {"id": 61, "img_name": "image061", "width": 512, "height": 512, "position": [0.2435379361494675, -1.5236832309227533, 3.3865843788765067], "rotation": [[-0.9965917199535546, 0.024870610587699203, -0.07865364866940504], [-0.007596560846198167, 0.9217484424291372, 0.3877139424147262], [0.08214156063361096, 0.38699000194895816, -0.9184179344983522]], "fy": 1229.7384243188899, "fx": 1229.7384243188899}, {"id": 62, "img_name": "image062", "width": 512, "height": 512, "position": [1.895839035346798, 2.861823126783451, 0.11442251457215945], "rotation": [[-0.24503173749594193, -0.8027844968437705, -0.5435958970108342], [0.15460535672863532, 0.521158843320738, -0.8393394091185051], [0.9571084741504123, -0.28970763133870736, -0.003585673379506447]], "fy": 1229.7384243188899, "fx": 1229.7384243188899}, {"id": 63, "img_name": "image063", "width": 512, "height": 512, "position": [-1.862326939757582, -0.4163151204025405, -2.9641061267851185], "rotation": [[0.8605929992417544, 0.015102490857139285, 0.5090693512931141], [-0.0642568680200176, 0.9947923532643762, 0.07911528802312712], [-0.5052234600336174, -0.1007972651247758, 0.8570817736803329]], "fy": 1229.7384243188899, "fx": 1229.7384243188899}, {"id": 64, "img_name": "image064", "width": 512, "height": 512, "position": [1.2176007885109152, -3.2373445563026535, 1.3505951195928447], "rotation": [[-0.5098170490650219, 0.7845995712985917, -0.35283153090490543], [0.13512818276823677, 0.47807738378144715, 0.8678608121919323], [0.8496039964032578, 0.3947727546763493, -0.3497535152944997]], "fy": 1229.7384243188899, "fx": 1229.7384243188899}, {"id": 65, "img_name": "image065", "width": 512, "height": 512, "position": [2.796953446288015, 0.33067565601321236, 2.245247878998961], "rotation": [[-0.6103297065237513, -0.03104120949179179, -0.7915390657749732], [0.11876336676942396, 0.9843521599167313, -0.13017714077692985], [0.783194044951966, -0.1734568205074451, -0.5970928063301593]], "fy": 1229.7384243188899, "fx": 1229.7384243188899}, {"id": 66, "img_name": "image066", "width": 512, "height": 512, "position": [-3.5039164635487543, 0.758729862666739, 0.13631970259140783], "rotation": [[-0.051980507368700794, 0.24302408784357582, 0.9686265119133847], [-0.17021122258691132, 0.9535893993152279, -0.24838558174558323], [-0.9840356530935052, -0.17778231138507794, -0.008202633687896237]], "fy": 1229.7384243188899, "fx": 1229.7384243188899}, {"id": 67, "img_name": "image067", "width": 512, "height": 512, "position": [0.9227756314516464, -0.268942524136019, 3.553930064694444], "rotation": [[-0.9627017994346834, 0.031999942914574836, -0.26866568262188917], [0.02267459229077547, 0.9990302236102233, 0.03774222009572939], [0.2696128858746718, 0.03024261838484435, -0.9624937796181121]], "fy": 1229.7384243188899, "fx": 1229.7384243188899}, {"id": 68, "img_name": "image068", "width": 512, "height": 512, "position": [0.04509619003478589, -3.6921627296640804, 0.3826502349643773], "rotation": [[0.9957863685861512, 0.08917598818337734, -0.021381096078636294], [0.028090988025171168, -0.07468035369936284, 0.996811788234423], [0.08729492843101151, -0.9932122068837337, -0.07687071983120992]], "fy": 1229.7384243188899, "fx": 1229.7384243188899}, {"id": 69, "img_name": "image069", "width": 512, "height": 512, "position": [2.885301095480286, -1.7396561573973792, 1.3894809579907077], "rotation": [[-0.327363995898476, 0.47138318699437903, -0.8189204510869196], [0.14945095990576693, 0.8815970201236998, 0.4477176618051354], [0.9330044076919608, 0.024178195301447915, -0.3590517930596331]], "fy": 1229.7384243188899, "fx": 1229.7384243188899}, {"id": 70, "img_name": "image070", "width": 512, "height": 512, "position": [-2.9518396015472246, 1.4483414403220551, 1.4532409155090484], "rotation": [[-0.48403577034499634, 0.31976333386740463, 0.8145310204900295], [-0.15855701854131085, 0.8833827742755993, -0.44101535799157343], [-0.86056321377213, -0.342616818657736, -0.37688814079914434]], "fy": 1229.7384243188899, "fx": 1229.7384243188899}, {"id": 71, "img_name": "image071", "width": 512, "height": 512, "position": [-0.6321651790901177, 0.5207870730832664, 3.5817230371240902], "rotation": [[-0.9861011114654966, -0.020175545284930756, 0.16491678307245397], [-0.05054482180103887, 0.9819812244251899, -0.18209364586801544], [-0.15827134597144346, -0.18789843599365244, -0.9693525461850945]], "fy": 1229.7384243188899, "fx": 1229.7384243188899}, {"id": 72, "img_name": "image072", "width": 512, "height": 512, "position": [-0.9501049595120417, 1.867967862811949, -2.708824899649737], "rotation": [[0.9440755322165622, 0.2082277505721026, 0.25566109082474203], [-0.03120244690730911, 0.8283053780297533, -0.5594073721662809], [-0.32824959524272274, 0.5201455609910264, 0.7884800559331347]], "fy": 1229.7384243188899, "fx": 1229.7384243188899}, {"id": 73, "img_name": "image073", "width": 512, "height": 512, "position": [2.767700636605434, 2.0317901252869106, 0.5501055325800056], "rotation": [[-0.27060539611149026, -0.5556995023614888, -0.7861111770421133], [0.15528186370592167, 0.7806891085620214, -0.6053197985995931], [0.9500843448869993, -0.28587161252532556, -0.12496863107520682]], "fy": 1229.7384243188899, "fx": 1229.7384243188899}, {"id": 74, "img_name": "image074", "width": 512, "height": 512, "position": [2.9530004313990643, 1.8147429726099655, -0.02077633161439848], "rotation": [[-0.06693057619372998, -0.54158270317236, -0.8379788025928192], [0.16620517220679648, 0.822075874119502, -0.5445797443188334], [0.9838171266562117, -0.17572544726127828, 0.034991834515201936]], "fy": 1229.7384243188899, "fx": 1229.7384243188899}, {"id": 75, "img_name": "image075", "width": 512, "height": 512, "position": [1.9287241601010876, 2.823434285105339, -0.2182059301883324], "rotation": [[-0.08162394293998948, -0.8292798689080696, -0.5528403304415697], [0.1607958746390871, 0.5364675460991831, -0.8284607767911355], [0.983606739829481, -0.15651667964193325, 0.08955618546970473]], "fy": 1229.7384243188899, "fx": 1229.7384243188899}, {"id": 76, "img_name": "image076", "width": 512, "height": 512, "position": [-3.029539318602047, 0.6535801473899611, 1.9123587051949242], "rotation": [[-0.5397867851669931, 0.10293338620673001, 0.8354848559747201], [-0.15567889894416698, 0.963169657638013, -0.2192448198453152], [-0.8272812744058785, -0.2484128189314895, -0.5038816968375579]], "fy": 1229.7384243188899, "fx": 1229.7384243188899}, {"id": 77, "img_name": "image077", "width": 512, "height": 512, "position": [3.473392539826484, -0.6357212807443672, 0.5831716435797694], "rotation": [[-0.11026140743058056, 0.1586979660313161, -0.9811510472954458], [0.1644062549735585, 0.9764832441008401, 0.13946704741933988], [0.9802106943698361, -0.14592953631058514, -0.13375935509406744]], "fy": 1229.7384243188899, "fx": 1229.7384243188899}, {"id": 78, "img_name": "image078", "width": 512, "height": 512, "position": [1.6721989923731162, 2.3953421358821205, -1.7388771837243846], "rotation": [[0.617613768798577, -0.6227324383932363, -0.4803722959988765], [0.14628144158162562, 0.6910845467923006, -0.7078162819783687], [0.7727580296827845, 0.3668875295750656, 0.5179175303106528]], "fy": 1229.7384243188899, "fx": 1229.7384243188899}, {"id": 79, "img_name": "image079", "width": 512, "height": 512, "position": [2.6452500109709494, 2.1547539216340557, 0.6712581320306319], "rotation": [[-0.32616925764686816, -0.5725659735624375, -0.7521846989168207], [0.1518390657734041, 0.753636547419083, -0.6395129807121228], [0.9330372519203884, -0.3228004961469885, -0.15887519068787087]], "fy": 1229.7384243188899, "fx": 1229.7384243188899}, {"id": 80, "img_name": "image080", "width": 512, "height": 512, "position": [-1.2212118907439682, 1.3234753443785752, 3.163028246249921], "rotation": [[-0.9419601835275045, 0.06586194289749629, 0.3292008765580619], [-0.07816951806076897, 0.910591049581672, -0.4058490690735856], [-0.32649737992053857, -0.408027137454748, -0.8525921158476116]], "fy": 1229.7384243188899, "fx": 1229.7384243188899}, {"id": 81, "img_name": "image081", "width": 512, "height": 512, "position": [-2.784985405098132, -2.319268600304133, 0.7745642529359683], "rotation": [[-0.10454859499104734, -0.6290222301593014, 0.7703250127386599], [-0.1667150518457082, 0.7746940673307665, 0.609963272280058], [-0.9804466751300044, -0.0646539713237497, -0.1858606500004424]], "fy": 1229.7384243188899, "fx": 1229.7384243188899}, {"id": 82, "img_name": "image082", "width": 512, "height": 512, "position": [0.37126103539806565, 3.4046722485622025, 0.3857005897328824], "rotation": [[-0.8756029850010962, -0.46895366939415495, -0.11576643995099554], [0.06377391712393174, 0.12533311100737646, -0.9900628761749842], [0.47880298678249666, -0.8742848890647547, -0.07983503367062603]], "fy": 1229.7384243188899, "fx": 1229.7384243188899}, {"id": 83, "img_name": "image083", "width": 512, "height": 512, "position": [-1.2642392364730668, -0.45641944678254137, -3.2439335522189423], "rotation": [[0.9396086725150226, 0.0015093115135724937, 0.34224737327452476], [-0.03448906571304434, 0.9953174966737762, 0.09029720461503225], [-0.34050851220020656, -0.09664782870712973, 0.9352610065245953]], "fy": 1229.7384243188899, "fx": 1229.7384243188899}, {"id": 84, "img_name": "image084", "width": 512, "height": 512, "position": [-3.33978445608634, -1.511752697122303, 0.06557117293749902], "rotation": [[0.08189758457340268, -0.3758667677183205, 0.9230476469641339], [-0.1669676850395439, 0.9078949479262827, 0.38451080047570607], [-0.9825551271015677, -0.18560963459614546, 0.01159679919233385]], "fy": 1229.7384243188899, "fx": 1229.7384243188899}, {"id": 85, "img_name": "image085", "width": 512, "height": 512, "position": [-0.7549016674438104, 0.987744262292361, 3.4354525419997866], "rotation": [[-0.9798844979947736, 0.008227420931007805, 0.19939578765448948], [-0.05558566289843127, 0.9483579559649808, -0.31229380627554115], [-0.1916679542064145, -0.31709540662511543, -0.9288239329537004]], "fy": 1229.7384243188899, "fx": 1229.7384243188899}, {"id": 86, "img_name": "image086", "width": 512, "height": 512, "position": [-3.5006928823835786, 0.3465232403490533, 0.8873080741399599], "rotation": [[-0.23847160278893204, 0.09039896780064267, 0.9669329455985332], [-0.17036153004951785, 0.9763247391004275, -0.1332927338592374], [-0.9560900813952964, -0.19651470795098427, -0.2174252189063503]], "fy": 1229.7384243188899, "fx": 1229.7384243188899}, {"id": 87, "img_name": "image087", "width": 512, "height": 512, "position": [-0.291648880495501, -3.4803584387350375, -1.0924487240379306], "rotation": [[0.9834059318743048, -0.16629818378971292, 0.07250991120304255], [-0.01080714857094238, 0.345273617530659, 0.9384398406808281], [-0.18109660044903064, -0.9236509314159409, 0.3377469144200566]], "fy": 1229.7384243188899, "fx": 1229.7384243188899}, {"id": 88, "img_name": "image088", "width": 512, "height": 512, "position": [2.7563204857559653, -0.892272744650906, 2.208572677030725], "rotation": [[-0.5751580858371922, 0.2429019020455707, -0.7811477723700817], [0.12356990172072156, 0.969739403928733, 0.21056107868425464], [0.8086554616675933, 0.024579553506718692, -0.5877688234880971]], "fy": 1229.7384243188899, "fx": 1229.7384243188899}, {"id": 89, "img_name": "image089", "width": 512, "height": 512, "position": [-1.3365647556450146, -2.857344786624526, 2.024565851297556], "rotation": [[-0.7235340289398837, -0.5858571047842853, 0.3650615862286724], [-0.13245898545935073, 0.6368595515440233, 0.7595159832276243], [-0.6774607930626679, 0.5011799720468892, -0.538391594921374]], "fy": 1229.7384243188899, "fx": 1229.7384243188899}, {"id": 90, "img_name": "image090", "width": 512, "height": 512, "position": [-0.9354093238010068, 0.8588936628467562, -3.212037924517257], "rotation": [[0.9635146972984938, 0.09280801826588299, 0.2510499946929914], [-0.020543794618605005, 0.9608359025648444, -0.27635542485189096], [-0.26686584755726994, 0.26111499399299176, 0.9276861426795053]], "fy": 1229.7384243188899, "fx": 1229.7384243188899}, {"id": 91, "img_name": "image091", "width": 512, "height": 512, "position": [3.332641525762615, -0.7141732077266855, -0.9475159355389415], "rotation": [[0.319922593844699, 0.10184965937777257, -0.9419533857003283], [0.16684746167799536, 0.9726110565956263, 0.16183218814422826], [0.9326368309686732, -0.2089363048217584, 0.2941668948881564]], "fy": 1229.7384243188899, "fx": 1229.7384243188899}, {"id": 92, "img_name": "image092", "width": 512, "height": 512, "position": [1.7851361093477667, -3.149318448543812, -0.458071792187468], "rotation": [[0.5156254663844382, 0.6870183999122255, -0.5119922817756885], [0.15357990317292516, 0.5137679988758224, 0.8440708836777442], [0.8429374779645438, -0.5138561681182567, 0.15939964469720772]], "fy": 1229.7384243188899, "fx": 1229.7384243188899}, {"id": 93, "img_name": "image093", "width": 512, "height": 512, "position": [0.40402457905138595, 3.4051085776898025, 0.3240604352829992], "rotation": [[-0.8430678010617436, -0.5230730703839686, -0.1250249809118333], [0.07266530465335012, 0.1195504609343829, -0.9901653603262499], [0.5328756293100222, -0.843861511344998, -0.06277988020045386]], "fy": 1229.7384243188899, "fx": 1229.7384243188899}, {"id": 94, "img_name": "image094", "width": 512, "height": 512, "position": [-1.7034818398857654, 1.4747492953562429, -2.616788983991869], "rotation": [[0.8311091182415129, 0.3034000899533287, 0.4660536653563911], [-0.07334182767735385, 0.8905413798049029, -0.4489510298107415], [-0.5512518570388314, 0.3389460669066569, 0.7623889780418838]], "fy": 1229.7384243188899, "fx": 1229.7384243188899}, {"id": 95, "img_name": "image095", "width": 512, "height": 512, "position": [-0.19375508280382908, 1.0675781736019523, -3.259123608958008], "rotation": [[0.999022364527913, -0.005308771720977205, 0.04388772169835562], [0.019721272309870894, 0.9420228897882258, -0.3349685754418174], [-0.03956496671978483, 0.33550661999110404, 0.941206630528391]], "fy": 1229.7384243188899, "fx": 1229.7384243188899}, {"id": 96, "img_name": "image096", "width": 512, "height": 512, "position": [2.3437209022093652, 0.4612512203991898, -2.4981549727945165], "rotation": [[0.7157414706176666, -0.21056492291797704, -0.6658652720142464], [0.13296225082361832, 0.977109376559708, -0.1660671734420023], [0.6855911223856223, 0.03032621762840274, 0.7273548882288327]], "fy": 1229.7384243188899, "fx": 1229.7384243188899}, {"id": 97, "img_name": "image097", "width": 512, "height": 512, "position": [0.8769840169585355, -3.356534047561732, -1.1134337795545763], "rotation": [[0.898594664851593, 0.3559040898308769, -0.2566318513784068], [0.09204563525711387, 0.4189626323117326, 0.9033260284949937], [0.4290165839805821, -0.8353457916145139, 0.3437181681284145]], "fy": 1229.7384243188899, "fx": 1229.7384243188899}, {"id": 98, "img_name": "image098", "width": 512, "height": 512, "position": [2.5193460796890985, -1.243415512009993, -2.1392209501145634], "rotation": [[0.6866174983685179, 0.13390563524129703, -0.7145807804473774], [0.13856893947359836, 0.9407693692448272, 0.30943762360749233], [0.713691151652674, -0.3114839879372848, 0.6273935489876868]], "fy": 1229.7384243188899, "fx": 1229.7384243188899}, {"id": 99, "img_name": "image099", "width": 512, "height": 512, "position": [-1.4180143403194203, 0.6002237099858382, -3.115429386972289], "rotation": [[0.9144852024137139, 0.12308695900962215, 0.385443141187014], [-0.045649611769865955, 0.9779104596512666, -0.2039785426212994], [-0.4020359778820912, 0.16894002908254852, 0.899903516529399]], "fy": 1229.7384243188899, "fx": 1229.7384243188899}]