[{"id": 0, "img_name": "image000", "width": 1024, "height": 1024, "position": [1.0351172776215756, -2.7912685287453463, 2.00125618439744], "rotation": [[-0.9363805285051842, -0.12749689171751083, -0.3270107772516455], [-0.34004319594866206, 0.5603737660378136, 0.755216437338077], [0.08696051244888012, 0.8183677565367364, -0.5680775337360713]], "fy": 2217.8782570665135, "fx": 2217.8782570665135}, {"id": 1, "img_name": "image009", "width": 1024, "height": 1024, "position": [-2.2152599065907475, -2.071665803368909, 2.0549760561719785], "rotation": [[-0.7603810436787246, 0.2635907484433406, 0.593582838152463], [0.6232932234637648, 0.5530493374502197, 0.5528489738889115], [-0.18255472055852956, 0.7903520403471814, -0.5848225596887011]], "fy": 2217.8782570665135, "fx": 2217.8782570665135}, {"id": 2, "img_name": "image017", "width": 1024, "height": 1024, "position": [2.803396547321359, -1.9070296587869484, -0.8620170736541082], "rotation": [[-0.45398882123739737, 0.32883553373538255, -0.8281070836217045], [-0.8586056889795104, 0.08690201076559162, 0.5052170933142675], [0.2380975032281918, 0.9403803657445551, 0.24288751857318247]], "fy": 2217.8782570665135, "fx": 2217.8782570665135}, {"id": 3, "img_name": "image025", "width": 1024, "height": 1024, "position": [1.333182844877942, -3.052836519832806, 1.3351216751753443], "rotation": [[-0.9094527513567017, -0.0666317316450981, -0.4104338014682771], [-0.402662961690933, 0.3873532535032249, 0.8293491401591689], [0.10372189899925524, 0.9195203474303556, -0.37910961255228837]], "fy": 2217.8782570665135, "fx": 2217.8782570665135}, {"id": 4, "img_name": "image036", "width": 1024, "height": 1024, "position": [1.665623112088032, -1.9673703681739059, -2.450265379978982], "rotation": [[-0.5259165092770985, 0.685882359410924, -0.5029684029029019], [-0.8177367340266208, -0.24511234719970323, 0.5207941734252869], [0.2339197706335815, 0.6851899928480832, 0.689779830531146]], "fy": 2217.8782570665135, "fx": 2217.8782570665135}, {"id": 5, "img_name": "image046", "width": 1024, "height": 1024, "position": [-0.021782955118929685, 3.3990081376665398, -0.29068471026487236], "rotation": [[0.9995087541756853, -0.012943832522782786, -0.028543081925252452], [-0.02740607310234457, 0.08083456956926324, -0.9963506809952312], [0.015203864090370849, 0.9966434816734487, 0.08044012030415817]], "fy": 2217.8782570665135, "fx": 2217.8782570665135}, {"id": 6, "img_name": "image056", "width": 1024, "height": 1024, "position": [-0.5248387454865359, 1.727207864748654, -2.9976853479391714], "rotation": [[0.9867192110994155, -0.11608050758613717, 0.1136244436989314], [0.15869744538244937, 0.8381068419856456, -0.5219119104273563], [-0.03464562420322906, 0.5330124174682921, 0.8453978019537167]], "fy": 2217.8782570665135, "fx": 2217.8782570665135}, {"id": 7, "img_name": "image066", "width": 1024, "height": 1024, "position": [-1.4461321564263325, 3.111891261602097, -0.5594360707644821], "rotation": [[0.926951129657238, 0.028908543968160567, 0.374066704362753], [0.3632502264055305, 0.18029276808073577, -0.9140808447802181], [-0.09386626786818127, 0.9831880867176062, 0.1566215498999799]], "fy": 2217.8782570665135, "fx": 2217.8782570665135}, {"id": 8, "img_name": "image077", "width": 1024, "height": 1024, "position": [-0.7463307464467093, 1.526535821777481, -3.0743008583492917], "rotation": [[0.9658766193771288, -0.18979108916228157, 0.1762432938162586], [0.2516662281466487, 0.8485346649413181, -0.4654600219174186], [-0.06120837974532695, 0.4939314374156799, 0.8673438011431409]], "fy": 2217.8782570665135, "fx": 2217.8782570665135}, {"id": 9, "img_name": "image087", "width": 1024, "height": 1024, "position": [-1.2547098770722251, -1.9808013405609013, 2.7592698645343194], "rotation": [[-0.9145811110240243, 0.24497230483694632, 0.3217607204444561], [0.3881208490810072, 0.755205860546636, 0.5282294148423134], [-0.11359400453676805, 0.6079906891218722, -0.7857758739452437]], "fy": 2217.8782570665135, "fx": 2217.8782570665135}, {"id": 10, "img_name": "image095", "width": 1024, "height": 1024, "position": [2.949159817466904, -1.19185574483946, -1.3585447615695063], "rotation": [[-0.21200020109584652, 0.4414747767915279, -0.8718692196609482], [-0.9412547342995846, 0.1477243687019383, 0.30367258033979905], [0.2628601146882851, 0.8850296787952845, 0.38422262785731043]], "fy": 2217.8782570665135, "fx": 2217.8782570665135}, {"id": 11, "img_name": "image105", "width": 1024, "height": 1024, "position": [1.9758342145177374, 2.572281889402568, 0.8910659108288943], "rotation": [[0.7443024208030861, -0.30506021121287746, -0.5940977814479871], [-0.641359726006341, -0.07847822373003822, -0.7632161360042443], [0.18620313704053654, 0.9490940079543925, -0.2540648653815213]], "fy": 2217.8782570665135, "fx": 2217.8782570665135}, {"id": 12, "img_name": "image114", "width": 1024, "height": 1024, "position": [-3.0266669689731147, -0.6750297547156489, 1.8913850190586114], "rotation": [[-0.34345916085049794, 0.4454430194179457, 0.8268109344219484], [0.9012683668673698, 0.40389606946250717, 0.15679061182660722], [-0.26410440305321675, 0.7990297125417561, -0.5401855077316889]], "fy": 2217.8782570665135, "fx": 2217.8782570665135}, {"id": 13, "img_name": "image123", "width": 1024, "height": 1024, "position": [-0.5806085079562584, 3.370189857810052, 0.22312227633265588], "rotation": [[0.9908373018012797, 0.037693287129004056, 0.12969447738654818], [0.13181343017179362, -0.06056907642042456, -0.9894223600707244], [-0.02943910639786977, 0.99745205553299, -0.06498258172393333]], "fy": 2217.8782570665135, "fx": 2217.8782570665135}, {"id": 14, "img_name": "image131", "width": 1024, "height": 1024, "position": [-1.4162307932256022, 2.9139707925369467, -1.2711827819247654], "rotation": [[0.9296152597654633, -0.04765816468551464, 0.36543695509622254], [0.3566176746477305, 0.3664242579283156, -0.859393447339767], [-0.0929478506477457, 0.9292265399462564, 0.357629325586525]], "fy": 2217.8782570665135, "fx": 2217.8782570665135}, {"id": 15, "img_name": "image139", "width": 1024, "height": 1024, "position": [0.25335562034331127, 0.39191397625461355, -3.4947806517005464], "rotation": [[0.9730253907825503, 0.20494732546620265, -0.10591592267792267], [-0.21896275620071326, 0.9650087121583424, -0.14426883535776036], [0.07264227618578782, 0.16356888225682775, 0.9838538105164811]], "fy": 2217.8782570665135, "fx": 2217.8782570665135}, {"id": 16, "img_name": "image148", "width": 1024, "height": 1024, "position": [1.5793483256809986, -2.9962671605044657, -1.1528469064968516], "rotation": [[-0.8216058532168007, 0.307111670724268, -0.48025643531850915], [-0.5474711655327603, -0.19030729891557346, 0.8148978186801454], [0.1588683255721337, 0.9324513679996438, 0.32449237501904304]], "fy": 2217.8782570665135, "fx": 2217.8782570665135}, {"id": 17, "img_name": "image157", "width": 1024, "height": 1024, "position": [-2.9944632546442107, -0.9122385973447174, -1.893642429873156], "rotation": [[-0.0907988410062822, -0.5733187635104755, 0.8142856782964655], [0.9604927659762228, 0.16558446874894356, 0.2236860080927611], [-0.2630764470249294, 0.8024259337259418, 0.5356336470991998]], "fy": 2217.8782570665135, "fx": 2217.8782570665135}, {"id": 18, "img_name": "image167", "width": 1024, "height": 1024, "position": [-1.26654983637069, -0.9793357193265658, -3.2408531892357857], "rotation": [[0.02124149798148872, -0.9457938387747051, 0.32407223469360785], [0.9646734178721087, 0.10452595530767547, 0.241825394692041], [-0.2625909282790362, 0.3074871366461114, 0.9146024629218585]], "fy": 2217.8782570665135, "fx": 2217.8782570665135}, {"id": 19, "img_name": "image177", "width": 1024, "height": 1024, "position": [-1.5537984641713227, 0.4531147925035244, -3.1978044462598154], "rotation": [[0.7022200542519489, -0.586342362291887, 0.40384357069088], [0.6856470480409427, 0.7097315421674809, -0.16176916753606269], [-0.1917684043817733, 0.39049170571798214, 0.9004116318919527]], "fy": 2217.8782570665135, "fx": 2217.8782570665135}, {"id": 20, "img_name": "image187", "width": 1024, "height": 1024, "position": [1.697734001686297, 2.1583053964034455, 1.992523864752655], "rotation": [[0.6679627595335025, -0.5376045954114897, -0.5145940641601268], [-0.7146502610059331, -0.2704774184137646, -0.6450712910774876], [0.2076072164462019, 0.7986383819480964, -0.5648681072239663]], "fy": 2217.8782570665135, "fx": 2217.8782570665135}, {"id": 21, "img_name": "image196", "width": 1024, "height": 1024, "position": [-0.6924566305586496, -3.394998800492517, 1.1940212328460207], "rotation": [[-0.9868374733367765, 0.003194444101325099, 0.1616836316550651], [0.15290122017698965, 0.3439983749107546, 0.9264374425330336], [-0.05265945391546508, 0.93896480955659, -0.3399589215297663]], "fy": 2217.8782570665135, "fx": 2217.8782570665135}, {"id": 22, "img_name": "image205", "width": 1024, "height": 1024, "position": [2.7705417383123074, -1.2232517095035793, -1.6886896339159878], "rotation": [[-0.2055547815656201, 0.5329602378656513, -0.8207926757895069], [-0.942535878886727, 0.11791203735313943, 0.31260657136160314], [0.26338820927812134, 0.837884321551263, 0.47809676312629884]], "fy": 2217.8782570665135, "fx": 2217.8782570665135}, {"id": 23, "img_name": "image213", "width": 1024, "height": 1024, "position": [-1.1297635091249079, -0.3654435041114785, -3.3949340293478825], "rotation": [[0.5612261526913276, -0.7772288128973096, 0.2845005763395385], [0.7966441687432213, 0.6004986536600364, 0.06898866109662885], [-0.22446218822490485, 0.18792748429839218, 0.9561903506638021]], "fy": 2217.8782570665135, "fx": 2217.8782570665135}, {"id": 24, "img_name": "image221", "width": 1024, "height": 1024, "position": [1.5897004630020355, 0.9400738099803135, 2.9087209706711463], "rotation": [[0.14006414539032927, -0.8641594509469452, -0.483332678923276], [-0.9540328815478991, 0.01284128731370107, -0.2994267226977896], [0.2649590460835196, 0.5030542164411316, -0.8226379271704596]], "fy": 2217.8782570665135, "fx": 2217.8782570665135}, {"id": 25, "img_name": "image229", "width": 1024, "height": 1024, "position": [2.655993911487739, 1.740774056899755, -1.143738522201884], "rotation": [[0.6038661835344772, 0.13064373216982203, -0.7863064591037293], [-0.766119637764877, 0.3674203848533852, -0.5273167562530167], [0.22001439274401638, 0.9208335767330218, 0.32196147432037825]], "fy": 2217.8782570665135, "fx": 2217.8782570665135}, {"id": 26, "img_name": "image237", "width": 1024, "height": 1024, "position": [0.4836714993562584, -0.17354054242033742, -3.4937008110374634], "rotation": [[0.850940959022796, 0.4965363425193008, -0.17132175814799427], [-0.5016616845174127, 0.8649322212073429, 0.015093276797432319], [0.15567606927372038, 0.073102074354204, 0.9850995118162409]], "fy": 2217.8782570665135, "fx": 2217.8782570665135}, {"id": 27, "img_name": "image247", "width": 1024, "height": 1024, "position": [-2.5713407451142603, -0.24227548985439384, 2.532025989063005], "rotation": [[-0.314312211400103, 0.6479514837351685, 0.6938059588171396], [0.913153786776757, 0.4061642594055027, 0.034362131436338934], [-0.2595341893856093, 0.6443519761023263, -0.7193417375858159]], "fy": 2217.8782570665135, "fx": 2217.8782570665135}, {"id": 28, "img_name": "image257", "width": 1024, "height": 1024, "position": [2.457483397834577, 0.7510429833921126, -2.257022839834652], "rotation": [[0.4947446424640982, 0.4710187402852409, -0.7303212204593098], [-0.8336161312646351, 0.494707301627695, -0.24565999147526468], [0.2455847805717078, 0.7303465150299199, 0.6374026070978974]], "fy": 2217.8782570665135, "fx": 2217.8782570665135}, {"id": 29, "img_name": "image268", "width": 1024, "height": 1024, "position": [2.4035876030664705, -2.4889134285144072, 0.6895492569253933], "rotation": [[-0.6985307908807527, -0.007309225837658658, -0.7155426677768165], [-0.6892806085535246, 0.27547445155457007, 0.6700791514536112], [0.19221596412263128, 0.9612806051088114, -0.19746549414529166]], "fy": 2217.8782570665135, "fx": 2217.8782570665135}, {"id": 30, "img_name": "image277", "width": 1024, "height": 1024, "position": [1.244412400581175, -2.6953258603200396, -2.016106480637792], "rotation": [[-0.8116651271383662, 0.4393334736597515, -0.3849491139222378], [-0.559653097323625, -0.3961520594645564, 0.7279093050910009], [0.16729653924553453, 0.8062565625804523, 0.5674171510030519]], "fy": 2217.8782570665135, "fx": 2217.8782570665135}, {"id": 31, "img_name": "image287", "width": 1024, "height": 1024, "position": [0.4589360379479114, -0.7355142277035378, 3.4392425784238094], "rotation": [[-0.9256932305946055, -0.34160333682125765, -0.16247831579600056], [-0.3675503774348323, 0.9138042784567604, 0.17282494241755827], [0.0894358031150543, 0.21970184556963204, -0.9714588700374622]], "fy": 2217.8782570665135, "fx": 2217.8782570665135}, {"id": 32, "img_name": "image298", "width": 1024, "height": 1024, "position": [2.9161512506963914, 0.3090730436389584, -1.7521707692906314], "rotation": [[0.28168584804269364, 0.42463359946245505, -0.8604297700684398], [-0.9226612837969574, 0.3659904212992993, -0.1214379137638316], [0.2633424356130604, 0.8280925779915679, 0.49488730422254756]], "fy": 2217.8782570665135, "fx": 2217.8782570665135}, {"id": 33, "img_name": "image001", "width": 1024, "height": 1024, "position": [-0.4995333996647403, 3.029786443514365, 1.4999349030320335], "rotation": [[0.9908528134933133, 0.08086401739191713, 0.10803570096789707], [0.13223377704866976, -0.42207783985336084, -0.8968637161309196], [-0.026924527847816446, 0.9029459052434757, -0.4289099695789453]], "fy": 2217.8782570665135, "fx": 2217.8782570665135}, {"id": 34, "img_name": "image003", "width": 1024, "height": 1024, "position": [-3.3608274639222935, 0.4937769019666386, -1.2500575244657974], "rotation": [[0.2744809434319805, -0.282851972851831, 0.9190511265139261], [0.9269561648080828, 0.3320374301512157, -0.17465226452258428], [-0.2557586366420108, 0.899858825834588, 0.35332932704576925]], "fy": 2217.8782570665135, "fx": 2217.8782570665135}, {"id": 35, "img_name": "image004", "width": 1024, "height": 1024, "position": [1.166858881692447, 0.22056538008182397, 3.283270619733049], "rotation": [[-0.38618329601200124, -0.8478809164174197, -0.36326355921901016], [-0.8896546311223974, 0.44639903971565476, -0.09613810203770438], [0.24367416605741724, 0.28605217865993904, -0.9267130364250438]], "fy": 2217.8782570665135, "fx": 2217.8782570665135}, {"id": 36, "img_name": "image005", "width": 1024, "height": 1024, "position": [2.854601690014322, -0.1275022490923067, 1.8939552496880618], "rotation": [[-0.1708757221688956, -0.5100552385709749, -0.8429977112540487], [-0.9489976062083653, 0.3152792026731922, 0.0016024270806809016], [0.2649623199325731, 0.8002766259038572, -0.5379147618795074]], "fy": 2217.8782570665135, "fx": 2217.8782570665135}, {"id": 37, "img_name": "image006", "width": 1024, "height": 1024, "position": [1.087397263556416, -0.19581114083912232, -3.334985139540579], "rotation": [[0.5738104804410404, 0.7446274999083956, -0.3409859512006239], [-0.7872244441473945, 0.6163049745933228, 0.021115227404631325], [0.22587431698368834, 0.25631633711430857, 0.9398312232818486]], "fy": 2217.8782570665135, "fx": 2217.8782570665135}, {"id": 38, "img_name": "image007", "width": 1024, "height": 1024, "position": [-3.4873489992464095, -1.119642418797755, 0.32012531750702766], "rotation": [[-0.2967700564056036, 0.011062058131628891, 0.9548848959382], [0.9182509000293655, 0.2778448500769871, 0.2821657737588967], [-0.26218851656065173, 0.9605622677138578, -0.09261377666489937]], "fy": 2217.8782570665135, "fx": 2217.8782570665135}, {"id": 39, "img_name": "image008", "width": 1024, "height": 1024, "position": [-2.493777310951652, -2.742476194866809, -0.1348694409620081], "rotation": [[-0.7225609033551141, -0.1661453212165724, 0.6710450604694768], [0.6640514750925628, 0.10306707598397581, 0.7405489965393948], [-0.19220140314272732, 0.9807002141765623, 0.035856806104440746]], "fy": 2217.8782570665135, "fx": 2217.8782570665135}, {"id": 40, "img_name": "image010", "width": 1024, "height": 1024, "position": [1.787363838332814, -2.9683135769155022, 0.8515988888877221], "rotation": [[-0.840431294051298, -0.011970955790452235, -0.5417858767047394], [-0.5224578204430099, 0.2834094435495259, 0.8041871132795447], [0.14392034545956126, 0.9589242845628693, -0.24444048485958522]], "fy": 2217.8782570665135, "fx": 2217.8782570665135}, {"id": 41, "img_name": "image011", "width": 1024, "height": 1024, "position": [0.8344293146848173, -1.9424358577108134, 2.8815135444023756], "rotation": [[-0.9333231934527269, -0.23741985504372415, -0.2693318194982174], [-0.3478130863587986, 0.783984390511992, 0.5141930886263517], [0.08907229378864248, 0.5735854669223734, -0.8142885475153583]], "fy": 2217.8782570665135, "fx": 2217.8782570665135}, {"id": 42, "img_name": "image012", "width": 1024, "height": 1024, "position": [-0.5478777394328512, -0.27936479934620223, 3.4923494214478814], "rotation": [[-0.9518214087318249, 0.28110268433326197, 0.12254503964011712], [0.288199943625574, 0.9565455024086099, 0.04428876060668171], [-0.1047702170179074, 0.07747246402751387, -0.9914742653964982]], "fy": 2217.8782570665135, "fx": 2217.8782570665135}, {"id": 43, "img_name": "image013", "width": 1024, "height": 1024, "position": [-3.229220498775274, -0.699561569819722, -1.5596863979488513], "rotation": [[-0.04484755583973647, -0.46871242931462775, 0.8822116272987917], [0.9624801791785448, 0.21630083067027192, 0.16384704861481977], [-0.26762025600398515, 0.8564593447778655, 0.44142585936828727]], "fy": 2217.8782570665135, "fx": 2217.8782570665135}, {"id": 44, "img_name": "image014", "width": 1024, "height": 1024, "position": [-1.0543757128773057, -3.4223991434622816, 0.8524045130092262], "rotation": [[-0.964496370481926, -0.011795777254217479, 0.263832543417523], [0.2522056670971744, 0.2552448055504831, 0.9334036590476625], [-0.07835210789289279, 0.9668045039605808, -0.24320772666647608]], "fy": 2217.8782570665135, "fx": 2217.8782570665135}, {"id": 45, "img_name": "image015", "width": 1024, "height": 1024, "position": [-0.061106322316029, 3.1437968140366594, 1.329132376410542], "rotation": [[0.9997008763327245, -0.01711973355549501, -0.017466327105925317], [-0.022643432190139732, -0.37798133855271865, -0.9255362676224771], [0.009242988598546838, 0.9256549154133431, -0.37825592491444626]], "fy": 2217.8782570665135, "fx": 2217.8782570665135}, {"id": 46, "img_name": "image016", "width": 1024, "height": 1024, "position": [2.694074116767949, -2.2551471927849436, 0.03430131926023279], "rotation": [[-0.5913809261124653, 0.12129648791033772, -0.7972175125089636], [-0.7769272853437753, 0.1790980136187068, 0.6035792365598617], [0.21599211448271602, 0.9763252857211321, -0.011676598084820912]], "fy": 2217.8782570665135, "fx": 2217.8782570665135}, {"id": 47, "img_name": "image018", "width": 1024, "height": 1024, "position": [-2.9188972372110658, 0.7968605867467352, 1.9232398571923217], "rotation": [[0.1313656514898366, 0.5925417067659764, 0.7947561835880953], [0.9554216475437851, 0.13815580217600196, -0.26092613845650736], [-0.26440979749882537, 0.7936039944884152, -0.5479782467568038]], "fy": 2217.8782570665135, "fx": 2217.8782570665135}, {"id": 48, "img_name": "image019", "width": 1024, "height": 1024, "position": [2.060451339098486, 1.8362188011449938, 1.9572425394255248], "rotation": [[0.523192798423868, -0.5861340296511128, -0.6186406024198139], [-0.8190680263124774, -0.14535892167468564, -0.5549759924196318], [0.23536538392462208, 0.7970681797528495, -0.5561343838277706]], "fy": 2217.8782570665135, "fx": 2217.8782570665135}, {"id": 49, "img_name": "image020", "width": 1024, "height": 1024, "position": [2.4987485021637275, 2.1031614213616203, 0.7892948975718554], "rotation": [[0.5911864036797212, -0.31468204056915255, -0.7426128530044925], [-0.775343610935372, 0.031842655430017415, -0.6307363397465405], [0.2221281636486839, 0.9486628793403898, -0.22516176468411336]], "fy": 2217.8782570665135, "fx": 2217.8782570665135}, {"id": 50, "img_name": "image021", "width": 1024, "height": 1024, "position": [2.0085727823254174, -2.8392339304497134, -0.7992310210489036], "rotation": [[-0.7487263338009279, 0.2803382008456967, -0.6006824204349737], [-0.6382183538982897, -0.059993951697540675, 0.7675142073649648], [0.17912623989906754, 0.9580246442061449, 0.22383603658327875]], "fy": 2217.8782570665135, "fx": 2217.8782570665135}, {"id": 51, "img_name": "image022", "width": 1024, "height": 1024, "position": [-3.0973286970200617, 0.7471368297129374, -1.681900981583103], "rotation": [[0.395346351478289, -0.36181328394002404, 0.8442703417373729], [0.8860427800908872, 0.39251868444669513, -0.24669267157547928], [-0.24213519822945326, 0.8455886883850631, 0.4757628777590913]], "fy": 2217.8782570665135, "fx": 2217.8782570665135}, {"id": 52, "img_name": "image023", "width": 1024, "height": 1024, "position": [2.691522642498789, 1.6662675072172555, 1.1654255918274552], "rotation": [[0.4448352637733815, -0.41023075186763314, -0.7961358667500055], [-0.8607932762908355, 0.04961992748387813, -0.5065301553599587], [0.2472984504523946, 0.9106308763811003, -0.33105117940468565]], "fy": 2217.8782570665135, "fx": 2217.8782570665135}, {"id": 53, "img_name": "image024", "width": 1024, "height": 1024, "position": [3.281262228364697, 0.7892971064570071, -0.2753245864769627], "rotation": [[0.2684130213880351, 0.002710179487648344, -0.9633001115314431], [-0.9269226742426699, 0.2729533229601431, -0.2575089114182911], [0.26223807108077146, 0.962023460427115, 0.07577635293200466]], "fy": 2217.8782570665135, "fx": 2217.8782570665135}, {"id": 54, "img_name": "image026", "width": 1024, "height": 1024, "position": [-2.4845778460756818, 1.0185555502975407, 2.3299697709044134], "rotation": [[0.19630709545639316, 0.7129804813459861, 0.6731436380841168], [0.9447902758416739, 0.046151353993788787, -0.3244092896320229], [-0.2623639818048361, 0.6996634088932948, -0.6645571873867029]], "fy": 2217.8782570665135, "fx": 2217.8782570665135}, {"id": 55, "img_name": "image029", "width": 1024, "height": 1024, "position": [2.8839082661029805, 1.737013544468963, -0.015805207398037664], "rotation": [[0.5125728689555027, -0.12302227226594195, -0.8497850166584778], [-0.8250524167625902, 0.2035463269070117, -0.5271218098284998], [0.23781834160748475, 0.9713055200755263, 0.0028325016994408384]], "fy": 2217.8782570665135, "fx": 2217.8782570665135}, {"id": 56, "img_name": "image030", "width": 1024, "height": 1024, "position": [0.7193508436111538, -0.9902816994926464, 3.327297662374792], "rotation": [[-0.894983713975454, -0.3779966060377729, -0.23690233756260792], [-0.43158066052261285, 0.8680523993787932, 0.24540408593905963], [0.11288173094690013, 0.3218751275831124, -0.940028785230424]], "fy": 2217.8782570665135, "fx": 2217.8782570665135}, {"id": 57, "img_name": "image031", "width": 1024, "height": 1024, "position": [-1.558507040725868, -2.492620548001895, 2.169253164475358], "rotation": [[-0.8956351117970122, 0.1782143389234188, 0.4075259450862506], [0.4263978770763749, 0.6047597260340699, 0.6726444262698958], [-0.12658039714392444, 0.7762121637601963, -0.6176342606183698]], "fy": 2217.8782570665135, "fx": 2217.8782570665135}, {"id": 58, "img_name": "image033", "width": 1024, "height": 1024, "position": [2.66940539480647, -2.2043553428764957, 0.5822950681693556], "rotation": [[-0.6126446412797508, -0.0022510218572327476, -0.7903552849268509], [-0.761544738822346, 0.26923211457699725, 0.5895453156903235], [0.21146194523651304, 0.9630726874857355, -0.16665786610836286]], "fy": 2217.8782570665135, "fx": 2217.8782570665135}, {"id": 59, "img_name": "image034", "width": 1024, "height": 1024, "position": [0.5454804011409682, -1.5153910502596761, -3.2074053425989724], "rotation": [[-0.6544039059885709, 0.732479924757789, -0.18769306767625948], [-0.7340528929632285, -0.5558380649332184, 0.39014150753747023], [0.18144387054738492, 0.3930867657376914, 0.9014216085953705]], "fy": 2217.8782570665135, "fx": 2217.8782570665135}, {"id": 60, "img_name": "image035", "width": 1024, "height": 1024, "position": [-3.1863067552478688, 0.4402906269643037, 1.632585332973703], "rotation": [[0.032165110556096374, 0.491091275854906, 0.8705140805536201], [0.9623135038036139, 0.2200950202559856, -0.15972132749175752], [-0.27003356469173617, 0.8428449091248744, -0.4655043856959416]], "fy": 2217.8782570665135, "fx": 2217.8782570665135}, {"id": 61, "img_name": "image037", "width": 1024, "height": 1024, "position": [-1.9338577875843987, 2.838363721265888, -0.6976233805766328], "rotation": [[0.8589999220886739, 0.012927308880298877, 0.5118124837640888], [0.49484038457278967, 0.23550448851646602, -0.8364631669622107], [-0.13134735493151736, 0.9717872815455608, 0.19590138278935892]], "fy": 2217.8782570665135, "fx": 2217.8782570665135}, {"id": 62, "img_name": "image038", "width": 1024, "height": 1024, "position": [1.2509957306231612, -2.2531206945684854, -2.4874736042485166], "rotation": [[-0.7039094504099686, 0.5962123467129343, -0.3860599995474693], [-0.6821870571508317, -0.41610544144407713, 0.6012296405338957], [0.19781886836048812, 0.6865763608133372, 0.6996288988405854]], "fy": 2217.8782570665135, "fx": 2217.8782570665135}, {"id": 63, "img_name": "image039", "width": 1024, "height": 1024, "position": [-2.8331191124862123, 0.4670209558236806, -2.179914517727551], "rotation": [[0.3899967182368784, -0.5059902975896433, 0.7693350235818002], [0.8872388955607596, 0.430051722760577, -0.16692111296892137], [-0.24639338864626326, 0.7476826429012537, 0.6166530333466361]], "fy": 2217.8782570665135, "fx": 2217.8782570665135}, {"id": 64, "img_name": "image041", "width": 1024, "height": 1024, "position": [2.3748258847098382, 0.516898184407323, 2.4199658507620843], "rotation": [[-0.016436030633398463, -0.7085398035506895, -0.7054794140734144], [-0.962559100048616, 0.20214796527913956, -0.18059949902229044], [0.27057316165986683, 0.6760972910150239, -0.6853339458041819]], "fy": 2217.8782570665135, "fx": 2217.8782570665135}, {"id": 65, "img_name": "image042", "width": 1024, "height": 1024, "position": [-3.3134729398382374, 1.1069847285511683, -0.9060432230722969], "rotation": [[0.40758965767204647, -0.1397369983293969, 0.9024102405539698], [0.8804165425029589, 0.3224130009980959, -0.3477305975529582], [-0.24235796385908095, 0.936228299126496, 0.2544389696347405]], "fy": 2217.8782570665135, "fx": 2217.8782570665135}, {"id": 66, "img_name": "image043", "width": 1024, "height": 1024, "position": [1.4441484616323705, 2.4329668018297603, 1.8692871024734201], "rotation": [[0.7757635385625227, -0.4493671943973481, -0.44301247932356197], [-0.6055674449836527, -0.3327592929571715, -0.7228826478250909], [0.17742322794077528, 0.8290599360420811, -0.530264670364693]], "fy": 2217.8782570665135, "fx": 2217.8782570665135}, {"id": 67, "img_name": "image045", "width": 1024, "height": 1024, "position": [3.2041354232180757, 1.052964035478882, 0.2457688810616551], "rotation": [[0.3037870188518471, -0.15160669963315637, -0.9406002635569741], [-0.9163665427241623, 0.22369243143724782, -0.33201514347008043], [0.2607408800953034, 0.9627965022495842, -0.07097245031061325]], "fy": 2217.8782570665135, "fx": 2217.8782570665135}, {"id": 68, "img_name": "image047", "width": 1024, "height": 1024, "position": [-2.9415856553340713, 1.8053297180568446, 0.8857782315905649], "rotation": [[0.4980771896516379, 0.33683089190557924, 0.7990394629846628], [0.8358758068875677, 0.05867609024023771, -0.5457735353552579], [-0.2307178983277718, 0.9397351045332996, -0.2523235714296316]], "fy": 2217.8782570665135, "fx": 2217.8782570665135}, {"id": 69, "img_name": "image048", "width": 1024, "height": 1024, "position": [-3.235423134397227, -0.056469369037900286, -1.644588393241325], "rotation": [[0.1591780910996257, -0.4381955548084573, 0.8846733810056611], [0.9509652637186045, 0.30876356472320027, -0.018169433123428693], [-0.2651931419069577, 0.8441858307538278, 0.4658571461724996]], "fy": 2217.8782570665135, "fx": 2217.8782570665135}, {"id": 70, "img_name": "image049", "width": 1024, "height": 1024, "position": [2.1964282493446903, -2.579108847355163, 1.0462171696493958], "rotation": [[-0.7524402192231481, -0.06838986303328812, -0.6551004069069937], [-0.6354047477506701, 0.3373246463944701, 0.6946026846123999], [0.17347773064957883, 0.9389009050848411, -0.29727187455179516]], "fy": 2217.8782570665135, "fx": 2217.8782570665135}, {"id": 71, "img_name": "image050", "width": 1024, "height": 1024, "position": [-3.2864527744122816, -0.502971503637156, -1.4952106713374], "rotation": [[0.010776282554266832, -0.43702514822074207, 0.8993847294439397], [0.9629565501800739, 0.2468950122557682, 0.10843216952784106], [-0.2694411887585135, 0.8648999206531716, 0.42349683948588884]], "fy": 2217.8782570665135, "fx": 2217.8782570665135}, {"id": 72, "img_name": "image052", "width": 1024, "height": 1024, "position": [-0.7957572082491684, 0.6823498113334333, -3.3912995793872005], "rotation": [[0.9257242570172368, -0.3269701750051478, 0.1900660533261742], [0.36539387523863237, 0.9028980710524545, -0.22641199002670243], [-0.09758030491846098, 0.27904404302342645, 0.9553075453199142]], "fy": 2217.8782570665135, "fx": 2217.8782570665135}, {"id": 73, "img_name": "image053", "width": 1024, "height": 1024, "position": [-2.46550492725864, 2.4497508111812185, -0.6262566859214476], "rotation": [[0.7483855733496705, 0.013603159946278144, 0.6631244133958278], [0.6402953168923883, 0.24601103838627283, -0.7276678336698574], [-0.17303450744796836, 0.9691715653234898, 0.17540107240451863]], "fy": 2217.8782570665135, "fx": 2217.8782570665135}, {"id": 74, "img_name": "image054", "width": 1024, "height": 1024, "position": [-3.3041082211558566, 1.3116621132418447, -0.5426240024502968], "rotation": [[0.4321968258797562, -0.0346822958913576, 0.9011121140297516], [0.8694566006023028, 0.2811634141819868, -0.4061925087869249], [-0.2392720697627517, 0.9590329884197065, 0.15167268624975289]], "fy": 2217.8782570665135, "fx": 2217.8782570665135}, {"id": 75, "img_name": "image057", "width": 1024, "height": 1024, "position": [0.2958230036595302, -0.8088160863700626, 3.4396239543950324], "rotation": [[-0.9613309277370958, -0.2494049545346302, -0.116790479191211], [-0.26834687316930267, 0.9436550934608167, 0.1936621290952762], [0.061909636054428716, 0.21751375413760915, -0.974091866162823]], "fy": 2217.8782570665135, "fx": 2217.8782570665135}, {"id": 76, "img_name": "image058", "width": 1024, "height": 1024, "position": [-0.7086466520686513, -2.1188929293712815, 2.8334067033481145], "rotation": [[-0.9785856524540627, 0.11947094514716865, 0.16762104306052367], [0.19485404820526628, 0.8001430853227234, 0.567276778044239], [-0.06634772572647463, 0.5877905547691925, -0.806287940511979]], "fy": 2217.8782570665135, "fx": 2217.8782570665135}, {"id": 77, "img_name": "image061", "width": 1024, "height": 1024, "position": [1.4468030312461497, 2.0327229357187657, 2.335332486514344], "rotation": [[0.6674818225696911, -0.5991634007045343, -0.4421212908187309], [-0.7142447028335899, -0.34730398429623394, -0.6076466464699017], [0.21052914528207306, 0.7213758810413184, -0.659768381508739]], "fy": 2217.8782570665135, "fx": 2217.8782570665135}, {"id": 78, "img_name": "image062", "width": 1024, "height": 1024, "position": [3.359580216743361, -0.7214214912606983, 0.10135321675163218], "rotation": [[-0.17178296147452132, 0.016217168615590475, -0.9850013287245539], [-0.9486054353756789, 0.267029642704191, 0.16983196958461783], [0.2657787465595425, 0.9635518529686742, -0.030487448530056124]], "fy": 2217.8782570665135, "fx": 2217.8782570665135}, {"id": 79, "img_name": "image063", "width": 1024, "height": 1024, "position": [1.3526219597628657, -1.1361027108750343, -3.0608519887783183], "rotation": [[-0.11724410861716233, 0.9017612598786401, -0.4160293849917991], [-0.9582389779430999, 0.0073020324256064355, 0.28587539501156495], [0.260829216433148, 0.4321727785325482, 0.8632466677319566]], "fy": 2217.8782570665135, "fx": 2217.8782570665135}, {"id": 80, "img_name": "image064", "width": 1024, "height": 1024, "position": [2.7844889068301995, -1.7099499290848446, -1.2039819169569916], "rotation": [[-0.3838887455266911, 0.41453424327740707, -0.8251004740080875], [-0.8894644585492892, 0.07394072949134299, 0.45098308782027224], [0.24795646399229584, 0.9070248781994434, 0.3403284623591185]], "fy": 2217.8782570665135, "fx": 2217.8782570665135}, {"id": 81, "img_name": "image065", "width": 1024, "height": 1024, "position": [-0.6654540575754707, -2.179550604341962, 2.7954280699481924], "rotation": [[-0.9822231294393415, 0.10532715924910944, 0.15538311851323877], [0.17738339660479188, 0.7916329746013703, 0.5846814210599932], [-0.061423567165490876, 0.6018500004555112, -0.7962435069426735]], "fy": 2217.8782570665135, "fx": 2217.8782570665135}, {"id": 82, "img_name": "image067", "width": 1024, "height": 1024, "position": [0.8921388441147285, 1.0624640788960702, 3.1777595726335335], "rotation": [[0.26372532219267053, -0.9213152552917354, -0.28570466359703833], [-0.9285517679440909, -0.16226549109034505, -0.33385853987746444], [0.2612289583531569, 0.3533385214888605, -0.8982824280535554]], "fy": 2217.8782570665135, "fx": 2217.8782570665135}, {"id": 83, "img_name": "image068", "width": 1024, "height": 1024, "position": [-0.5611042518307057, 1.4591042445231148, -3.1465714711461104], "rotation": [[0.9812795982315837, -0.14760750532890798, 0.12370276660219781], [0.18784370400470332, 0.8752616431619679, -0.44568127498830956], [-0.042486385587089656, 0.46057472833405466, 0.8866035340893678]], "fy": 2217.8782570665135, "fx": 2217.8782570665135}, {"id": 84, "img_name": "image069", "width": 1024, "height": 1024, "position": [0.4237492525046349, 3.1152564115171675, -1.3102484384358153], "rotation": [[0.9879126219185298, 0.0082859857994936, -0.15479016084165795], [-0.1467126041395464, 0.3723371422805965, -0.9164281009795102], [0.05004061590996371, 0.9280605556307462, 0.36905222102258384]], "fy": 2217.8782570665135, "fx": 2217.8782570665135}, {"id": 85, "img_name": "image071", "width": 1024, "height": 1024, "position": [-3.215240530621358, 0.2867070647764191, -1.653983921006515], "rotation": [[0.259964247511047, -0.40517644106339906, 0.8764990824999264], [0.9306557065163903, 0.34717525248262593, -0.11553917081277318], [-0.2574850402343663, 0.8457549264833298, 0.46733292028775786]], "fy": 2217.8782570665135, "fx": 2217.8782570665135}, {"id": 86, "img_name": "image072", "width": 1024, "height": 1024, "position": [1.6215543197630935, 2.7436531064066125, -1.1142058160509016], "rotation": [[0.8690326583293005, 0.03596944773093353, -0.4934454757995466], [-0.4747927936854777, 0.3410742339332808, -0.8113200170161985], [0.13911880470104931, 0.9393479471296869, 0.3134826827781624]], "fy": 2217.8782570665135, "fx": 2217.8782570665135}, {"id": 87, "img_name": "image075", "width": 1024, "height": 1024, "position": [-1.6082646198789923, 3.039835520990738, -0.5626544372082702], "rotation": [[0.907031142387488, 0.030954778969632023, 0.41992416981901587], [0.407402205960954, 0.1874585967316602, -0.8938023926403112], [-0.10638585111468915, 0.9817846383858009, 0.15741973990661134]], "fy": 2217.8782570665135, "fx": 2217.8782570665135}, {"id": 88, "img_name": "image076", "width": 1024, "height": 1024, "position": [-3.544144515951313, -0.5347291664013897, 0.7626763714552767], "rotation": [[-0.17448396168727193, 0.17473874614141496, 0.969031329581681], [0.9471789938003073, 0.2987260647632265, 0.11668201204347697], [-0.26908604723647817, 0.9382052594331385, -0.217631776987289]], "fy": 2217.8782570665135, "fx": 2217.8782570665135}, {"id": 89, "img_name": "image079", "width": 1024, "height": 1024, "position": [1.8843906906552146, 1.2219547347454196, 2.5957687454142384], "rotation": [[0.2818566441119834, -0.7751825769769242, -0.5653749238526111], [-0.9236297338482734, -0.05969606853841018, -0.3786086292630226], [0.25974015269360673, 0.6289104481183887, -0.7328074108019306]], "fy": 2217.8782570665135, "fx": 2217.8782570665135}, {"id": 90, "img_name": "image081", "width": 1024, "height": 1024, "position": [-2.140018389902499, 2.742509077712597, -0.49161408833427744], "rotation": [[0.8202134928575271, 0.04419862952517708, 0.5703475320210927], [0.5526118090337666, 0.19652407316157738, -0.8099373291708505], [-0.14788514006107203, 0.9795023072030402, 0.13676701185972426]], "fy": 2217.8782570665135, "fx": 2217.8782570665135}, {"id": 91, "img_name": "image082", "width": 1024, "height": 1024, "position": [-3.0609786790522997, 0.7564090015814963, 1.7193391614037004], "rotation": [[0.12893462029439906, 0.5347584958620796, 0.8351103009739881], [0.9550800529120878, 0.15963409921534746, -0.24967788627979826], [-0.2668294515584485, 0.8297893139050603, -0.4901548105547742]], "fy": 2217.8782570665135, "fx": 2217.8782570665135}, {"id": 92, "img_name": "image083", "width": 1024, "height": 1024, "position": [-1.1958650006736582, -0.30690272834743904, 3.3452578256456027], "rotation": [[-0.7362197520272663, 0.6033957371868424, 0.30642137828431126], [0.6459136232082056, 0.7616292773712909, 0.05211943212404707], [-0.20193084974554598, 0.23629309807023952, -0.9504680445577374]], "fy": 2217.8782570665135, "fx": 2217.8782570665135}, {"id": 93, "img_name": "image084", "width": 1024, "height": 1024, "position": [-1.2698086404957276, -0.1473882190476461, 3.3240920454330936], "rotation": [[-0.6573404330463718, 0.6786401894120376, 0.3276446984115609], [0.7199428477319463, 0.6939987070921622, 0.006934735324687643], [-0.2226788069889563, 0.24044393914008585, -0.9447755612042334]], "fy": 2217.8782570665135, "fx": 2217.8782570665135}, {"id": 94, "img_name": "image085", "width": 1024, "height": 1024, "position": [-1.9767309125138044, 1.7446644530595243, -2.365739905134656], "rotation": [[0.7949252532900402, -0.303322938730303, 0.5254417536909097], [0.5838460730393723, 0.6179471270912508, -0.5265596937823606], [-0.164977588412092, 0.7253527024556279, 0.6683156831633145]], "fy": 2217.8782570665135, "fx": 2217.8782570665135}, {"id": 95, "img_name": "image086", "width": 1024, "height": 1024, "position": [-1.8251223254821414, -2.5943262567896768, 1.8572426592529943], "rotation": [[-0.8621556281481937, 0.1563968546505594, 0.48190008996451184], [0.48606485119322557, 0.5236621076566904, 0.6996563137991824], [-0.14292876997616805, 0.8374473242299869, -0.5274972472469733]], "fy": 2217.8782570665135, "fx": 2217.8782570665135}, {"id": 96, "img_name": "image088", "width": 1024, "height": 1024, "position": [-2.5473932806520425, 2.2951075115714246, -0.878520627927835], "rotation": [[0.7259815296674802, -0.04004113941135523, 0.6865475407692508], [0.6635011054622111, 0.3033491319600591, -0.6839192841187492], [-0.1808786931401524, 0.9520378203063778, 0.24679320710706673]], "fy": 2217.8782570665135, "fx": 2217.8782570665135}, {"id": 97, "img_name": "image089", "width": 1024, "height": 1024, "position": [0.009850282900085466, -3.5808068658057066, 0.6937832757065772], "rotation": [[-0.9993050632664082, -0.004757620947205068, -0.03696965746450584], [-0.0371777422332251, 0.19864544369601525, 0.9793660210469083], [0.002684401713612821, 0.9800598720189172, -0.19868427528544907]], "fy": 2217.8782570665135, "fx": 2217.8782570665135}, {"id": 98, "img_name": "image090", "width": 1024, "height": 1024, "position": [-1.1846249741440866, 2.8736176349802207, -1.570489403175669], "rotation": [[0.9515803129412743, -0.0663179402301901, 0.30016135465147925], [0.2976543269191178, 0.4427076921820245, -0.8458201942193109], [-0.0767906875142625, 0.894210171093178, 0.4410117461299597]], "fy": 2217.8782570665135, "fx": 2217.8782570665135}, {"id": 99, "img_name": "image091", "width": 1024, "height": 1024, "position": [3.0702815183713623, -1.224684639308557, 1.0179346319512204], "rotation": [[-0.3864562329545926, -0.1804048615807956, -0.9044919380119205], [-0.8884475188503498, 0.3361023253058383, 0.31256396652951857], [0.24761378446928844, 0.9243859112091781, -0.2901690901849719]], "fy": 2217.8782570665135,