[{"id": 0, "img_name": "image000", "width": 1024, "height": 1024, "position": [2.9190611079931243, 0.6087860878065722, -0.8536276326593518], "rotation": [[0.2899651106084848, -0.06437006230390337, -0.9548700067070913], [-0.0928010658049798, 0.9911426193356937, -0.09499615951100246], [0.9525272682791128, 0.11615852622761537, 0.2814231688567226]], "fy": 2486.7264088976685, "fx": 2486.7264088976685}, {"id": 1, "img_name": "image001", "width": 1024, "height": 1024, "position": [0.0995538018361183, -2.97448280920474, 1.185381509293396], "rotation": [[-0.9541156961033561, 0.26281272544742684, -0.1435016020541373], [-0.04835997050945647, 0.33770054077149664, 0.940010456332781], [0.29550727859315595, 0.9038184641317826, -0.3094957708805291]], "fy": 2486.7264088976685, "fx": 2486.7264088976685}, {"id": 2, "img_name": "image002", "width": 1024, "height": 1024, "position": [2.217563888667082, 1.1991652971203959, 2.205835626231937], "rotation": [[-0.6010994468397494, -0.2656108893434946, -0.7537441943199992], [-0.09266630745060091, 0.9599569041574795, -0.2643779446622932], [0.7937836043106568, -0.0890707450431718, -0.601642744413191]], "fy": 2486.7264088976685, "fx": 2486.7264088976685}, {"id": 3, "img_name": "image003", "width": 1024, "height": 1024, "position": [-1.3871024237383196, -1.931717025480308, -2.343869353116049], "rotation": [[0.9063772353520877, -0.3094473917624065, 0.2876154011296158], [0.0595489452184832, 0.7675782241959692, 0.6381830402506231], [-0.4182513961230401, -0.5613073859050902, 0.7141426945432697]], "fy": 2486.7264088976685, "fx": 2486.7264088976685}, {"id": 4, "img_name": "image004", "width": 1024, "height": 1024, "position": [-1.4056011460490287, 3.572789013691041, -0.06433939811992348], "rotation": [[0.47702852385070554, 0.8281571981980191, 0.29427783216821424], [0.09709841844702433, 0.2831206303241945, -0.9541564891672211], [-0.8735076900450865, 0.4837337736375635, 0.05464386218468531]], "fy": 2486.7264088976685, "fx": 2486.7264088976685}, {"id": 5, "img_name": "image005", "width": 1024, "height": 1024, "position": [2.991849244031663, 0.8428536984739626, 0.6209951823722472], "rotation": [[-0.1279435739997292, -0.17493828770145817, -0.9762310368802343], [-0.10482473272732074, 0.9811925753249389, -0.1620891900647917], [0.9862262505535034, 0.0815948872374749, -0.1438751441211516]], "fy": 2486.7264088976685, "fx": 2486.7264088976685}, {"id": 6, "img_name": "image006", "width": 1024, "height": 1024, "position": [0.13649598190053572, -2.9738076058465155, 1.1693264500064033], "rotation": [[-0.944793315991938, 0.28920208723987706, -0.15403812123320837], [-0.04980827695575927, 0.3378850257685215, 0.9398685253311253], [0.3238591138190438, 0.8956538740481751, -0.3048268562624354]], "fy": 2486.7264088976685, "fx": 2486.7264088976685}, {"id": 7, "img_name": "image007", "width": 1024, "height": 1024, "position": [-3.5056685975338446, -0.6614483226257304, -1.0812463558406578], "rotation": [[0.3315521313103425, -0.2893254478381041, 0.8979777110022552], [0.10303305889519204, 0.957226461758879, 0.27037324143353564], [-0.9377938862022237, 0.0028785659376906027, 0.3471805594497956]], "fy": 2486.7264088976685, "fx": 2486.7264088976685}, {"id": 8, "img_name": "image008", "width": 1024, "height": 1024, "position": [1.1172060124147467, 2.353909620431933, -2.2005739397674913], "rotation": [[0.8528705785625592, -0.2861456137334907, -0.43672927994748567], [-0.038054432704213804, 0.800158662129183, -0.5985799658952815], [0.5207337480650988, 0.5271307268227869, 0.6715426721105325]], "fy": 2486.7264088976685, "fx": 2486.7264088976685}, {"id": 9, "img_name": "image009", "width": 1024, "height": 1024, "position": [1.5575730623871553, -0.6029555115444509, -2.599161198826324], "rotation": [[0.8048069824392086, 0.18562426499423643, -0.5637635614887191], [-0.04490683097932927, 0.9661587174594548, 0.2540092699263063], [0.5918353635501087, -0.17911159907289836, 0.7859070794496382]], "fy": 2486.7264088976685, "fx": 2486.7264088976685}, {"id": 10, "img_name": "image010", "width": 1024, "height": 1024, "position": [2.9703933342903377, 1.1172536631598986, 0.028461712734993632], "rotation": [[0.05301188376559561, -0.23679031654315175, -0.9701134398466074], [-0.10223259123622644, 0.9650881161854902, -0.2411502131176096], [0.9933469874463553, 0.1119610378164471, 0.026953451398930184]], "fy": 2486.7264088976685, "fx": 2486.7264088976685}, {"id": 11, "img_name": "image011", "width": 1024, "height": 1024, "position": [-0.8507217131434204, -3.1498054271836096, 0.09138210327439175], "rotation": [[-0.5307651502582087, -0.8370488237898539, 0.13280670865360372], [0.0778594166771858, 0.10788025541608005, 0.9911103680852349], [-0.8439349895021946, 0.5363870963058148, 0.007913053174792916]], "fy": 2486.7264088976685, "fx": 2486.7264088976685}, {"id": 12, "img_name": "image012", "width": 1024, "height": 1024, "position": [0.5650982135086171, -2.8054427078531288, 1.3541302805293216], "rotation": [[-0.8616344309257405, 0.424404492931803, -0.27832882319762314], [-0.06684337927261742, 0.4487283241764978, 0.8911648858259446], [0.5031084078910744, 0.7864627883511404, -0.3582711437560343]], "fy": 2486.7264088976685, "fx": 2486.7264088976685}, {"id": 13, "img_name": "image013", "width": 1024, "height": 1024, "position": [-2.8848846415321914, 2.3548427370604186, -1.0790546501169742], "rotation": [[0.4968068273981184, 0.4829571614207002, 0.721065431485296], [0.09697808150916361, 0.794756206188219, -0.5991308909012378], [-0.8624257811298424, 0.36757985929287346, 0.3480040503856429]], "fy": 2486.7264088976685, "fx": 2486.7264088976685}, {"id": 14, "img_name": "image014", "width": 1024, "height": 1024, "position": [-3.3831530259665117, -1.0590703728174373, 1.2624825286323755], "rotation": [[-0.3890958771732663, -0.3242903723248435, 0.8622297563782991], [0.08676432578802498, 0.9189262235465607, 0.3847681736435663], [-0.9171021481478038, 0.22452249351873513, -0.3294135694940535]], "fy": 2486.7264088976685, "fx": 2486.7264088976685}, {"id": 15, "img_name": "image015", "width": 1024, "height": 1024, "position": [-0.936761938438711, 3.681190101263567, -0.0847788259176888], "rotation": [[0.753025395533543, 0.6387422264543344, 0.15799089159097449], [0.08047917957140957, 0.14889968816557822, -0.9855719073308178], [-0.6530511889102294, 0.7548756526795345, 0.06071979623304546]], "fy": 2486.7264088976685, "fx": 2486.7264088976685}, {"id": 16, "img_name": "image016", "width": 1024, "height": 1024, "position": [2.6249688096295576, 0.6643041549262887, -1.5417638537395157], "rotation": [[0.48910927466632226, -0.05781315630398801, -0.8703044044433846], [-0.08043625195071438, 0.9905592156773871, -0.11100652957696097], [0.8685056861112109, 0.12429834751423756, 0.47984142588747436]], "fy": 2486.7264088976685, "fx": 2486.7264088976685}, {"id": 17, "img_name": "image017", "width": 1024, "height": 1024, "position": [-3.4217631116320013, -1.2277326488083806, -0.6291894210344608], "rotation": [[0.19020998444142878, -0.44611747574183586, 0.8745280782550803], [0.10468998478192858, 0.894928654269989, 0.4337542055736939], [-0.9761455674770803, 0.009049950510316939, 0.2169283971512486]], "fy": 2486.7264088976685, "fx": 2486.7264088976685}, {"id": 18, "img_name": "image018", "width": 1024, "height": 1024, "position": [0.7010563971865597, 1.6377179581031047, 3.1126522438822937], "rotation": [[-0.9295393242148129, -0.18951847552238857, -0.3162900443800568], [-0.05423512625057056, 0.9187432669514682, -0.3911129766601048], [0.3647124837716049, -0.34640086152752686, -0.8642865539357494]], "fy": 2486.7264088976685, "fx": 2486.7264088976685}, {"id": 19, "img_name": "image019", "width": 1024, "height": 1024, "position": [-0.15046374424454276, 3.1360234654742882, 2.0561757966741956], "rotation": [[-0.9841410790586582, -0.16268002194427317, -0.0707216159987158], [-0.03397228500484474, 0.5641548311856416, -0.824969823873243], [0.1741040503859937, -0.8094841177627334, -0.5607345563892776]], "fy": 2486.7264088976685, "fx": 2486.7264088976685}, {"id": 20, "img_name": "image020", "width": 1024, "height": 1024, "position": [2.4932399051643794, -0.061520161615133365, -1.7653612960945109], "rotation": [[0.5393572613401474, 0.1236002335048525, -0.8329566176681725], [-0.07611847782711809, 0.9922757776895778, 0.09795283734444042], [0.8386296691466015, 0.01057181574233177, 0.5445994075822811]], "fy": 2486.7264088976685, "fx": 2486.7264088976685}, {"id": 21, "img_name": "image021", "width": 1024, "height": 1024, "position": [0.47575347660624673, 0.7023116798704443, 3.4520009453322937], "rotation": [[-0.965283848793508, -0.07236779728260823, -0.25097807309574893], [-0.04274306810480281, 0.9916650445289931, -0.12154616237585758], [0.25768221007159187, -0.10659897455310471, -0.960331472584777]], "fy": 2486.7264088976685, "fx": 2486.7264088976685}, {"id": 22, "img_name": "image022", "width": 1024, "height": 1024, "position": [-0.5888935656980815, -2.790856101004849, 1.6994452363187382], "rotation": [[-0.9914109233599355, -0.1180635945406546, 0.05626160935078169], [-0.004615890790098836, 0.46150784561875946, 0.8871241187029835], [-0.1307022363803081, 0.8792448442137556, -0.45808888802143516]], "fy": 2486.7264088976685, "fx": 2486.7264088976685}, {"id": 23, "img_name": "image023", "width": 1024, "height": 1024, "position": [0.07669389985289794, 1.127365549745857, -3.2072284868174523], "rotation": [[0.9900367692006186, -0.038216778215469725, -0.13552370085572119], [0.003977351413617955, 0.969670152749163, -0.24438489221542992], [0.1407528909349076, 0.24141100374722835, 0.9601611067749108]], "fy": 2486.7264088976685, "fx": 2486.7264088976685}, {"id": 24, "img_name": "image024", "width": 1024, "height": 1024, "position": [2.7733844919653636, 1.6456654781708042, 0.45411792370589266], "rotation": [[-0.05920169347370551, -0.40053414580522345, -0.9143672990291843], [-0.1044172122798296, 0.9134338043474167, -0.3933646283731094], [0.9927699659385123, 0.07218783221212194, -0.09589948702136072]], "fy": 2486.7264088976685, "fx": 2486.7264088976685}, {"id": 25, "img_name": "image025", "width": 1024, "height": 1024, "position": [2.470889369465862, 1.4492864324680288, -1.4425949710581], "rotation": [[0.5027684350118815, -0.25430903436155994, -0.8261663366403854], [-0.07923553891713207, 0.9381634595489675, -0.3370030452972561], [0.8607819875718913, 0.23489622859723336, 0.45152866095363314]], "fy": 2486.7264088976685, "fx": 2486.7264088976685}, {"id": 26, "img_name": "image026", "width": 1024, "height": 1024, "position": [-1.096588398818302, 3.150023058626672, 1.9124660271511713], "rotation": [[-0.9177634523392523, 0.3406740706838278, 0.2040868028904539], [0.022344218707130426, 0.557390510769248, -0.8299497300407809], [-0.3964984003003097, -0.7571373693512341, -0.5191647354079317]], "fy": 2486.7264088976685, "fx": 2486.7264088976685}, {"id": 27, "img_name": "image027", "width": 1024, "height": 1024, "position": [0.5737161252460209, -2.0203901702330485, 2.517125410733935], "rotation": [[-0.9420182152193348, 0.18458448154244533, -0.2802324952047583], [-0.051163189594453366, 0.7463431467388496, 0.6635919192896143], [0.3316383726674285, 0.6394532637258634, -0.6936249082067631]], "fy": 2486.7264088976685, "fx": 2486.7264088976685}, {"id": 28, "img_name": "image028", "width": 1024, "height": 1024, "position": [0.8931829186889796, 0.03562061107863234, 3.332799397789036], "rotation": [[-0.9282920853137718, -0.02398601804234585, -0.3710774518645419], [-0.05374980391672512, 0.9960925982308025, 0.07007491939861692], [0.3679466848916059, 0.0849953333323737, -0.9259541189438041]], "fy": 2486.7264088976685, "fx": 2486.7264088976685}, {"id": 29, "img_name": "image029", "width": 1024, "height": 1024, "position": [-3.2539512473556154, 1.7877823934862278, 1.370611383129118], "rotation": [[-0.3587829306692584, 0.43545754079927107, 0.8256219103327074], [0.08844914657937418, 0.8963922627041838, -0.43434739533402733], [-0.9292209409660104, -0.08281087806034083, -0.36012609089750336]], "fy": 2486.7264088976685, "fx": 2486.7264088976685}, {"id": 30, "img_name": "image030", "width": 1024, "height": 1024, "position": [-1.2346370646286222, -2.898689574375599, 1.19328487087515], "rotation": [[-0.8414054481270234, -0.48236290162938456, 0.24364503482288227], [0.04040048135946925, 0.39344801649729394, 0.9184587412727194], [-0.5388920791476582, 0.7826395654744436, -0.3115616112198168]], "fy": 2486.7264088976685, "fx": 2486.7264088976685}, {"id": 31, "img_name": "image031", "width": 1024, "height": 1024, "position": [-1.110334581712052, 0.34159220055953504, 3.5153690085872022], "rotation": [[-0.978482577792872, 0.007854891008411103, 0.20617988661133302], [0.004227811758003973, 0.9998285705335577, -0.01802651249027086], [-0.2062861375942529, -0.01676693866121632, -0.9783480460472008]], "fy": 2486.7264088976685, "fx": 2486.7264088976685}, {"id": 32, "img_name": "image032", "width": 1024, "height": 1024, "position": [-1.2214488378250539, 3.3798875611955936, -1.1463365329660624], "rotation": [[0.8983482391337596, 0.3676537966217203, 0.24041864959879503], [0.061906637233913715, 0.43587751193224916, -0.8978743580580417], [-0.434899999438563, 0.8214873586497765, 0.3688095851072083]], "fy": 2486.7264088976685, "fx": 2486.7264088976685}, {"id": 33, "img_name": "image033", "width": 1024, "height": 1024, "position": [1.027860521326514, -2.6407175656955197, -1.0528267024496476], "rotation": [[0.5355904453883175, 0.7364202801409799, -0.41331349579444454], [-0.07756354074413872, 0.5302602732480773, 0.844279538874481], [0.840908301752323, -0.42012999608687174, 0.34112170032419364]], "fy": 2486.7264088976685, "fx": 2486.7264088976685}, {"id": 34, "img_name": "image034", "width": 1024, "height": 1024, "position": [2.2688102029305792, 1.7004228102586427, -1.581847464176085], "rotation": [[0.565385701612357, -0.3000681108522418, -0.7683086211034401], [-0.07384976419127923, 0.9093221792417787, -0.40948673564338445], [0.821513980855588, 0.28825735582730455, 0.4919577990745297]], "fy": 2486.7264088976685, "fx": 2486.7264088976685}, {"id": 35, "img_name": "image035", "width": 1024, "height": 1024, "position": [2.8321098886139784, 1.4966875274434979, -0.24016803320493696], "rotation": [[0.14795780930873761, -0.3344832767945573, -0.9307144697539276], [-0.09956375681690909, 0.9312536469276191, -0.3505049263740994], [0.983969280512894, 0.14452537019079056, 0.10448383788008692]], "fy": 2486.7264088976685, "fx": 2486.7264088976685}, {"id": 36, "img_name": "image036", "width": 1024, "height": 1024, "position": [0.7107258299917746, -0.8139841518540627, 3.219131365078448], "rotation": [[-0.9461037330909607, 0.05646659625329836, -0.31890319806943823], [-0.049421751795306994, 0.9479782272489282, 0.3144753903113289], [0.3200706432661881, 0.3132870954405025, -0.8940950615844057]], "fy": 2486.7264088976685, "fx": 2486.7264088976685}, {"id": 37, "img_name": "image037", "width": 1024, "height": 1024, "position": [0.03463871303614213, 1.9370065745977876, -2.8888697226359796], "rotation": [[0.9897381299366225, -0.07170928954514968, -0.12359697384033154], [0.003958180196937173, 0.8783877086834551, -0.47793238647674663], [0.14283825453668317, 0.4725386873333861, 0.8696576464414915]], "fy": 2486.7264088976685, "fx": 2486.7264088976685}, {"id": 38, "img_name": "image038", "width": 1024, "height": 1024, "position": [-1.4087047142352522, 3.5208240245947864, 0.7542505222053892], "rotation": [[-0.2921131831552739, 0.9096718324051798, 0.29524065701643387], [0.09460334525910326, 0.33467508710873467, -0.9375728201769438], [-0.9516932779486678, -0.24594662713150423, -0.18382100345160926]], "fy": 2486.7264088976685, "fx": 2486.7264088976685}, {"id": 39, "img_name": "image039", "width": 1024, "height": 1024, "position": [2.3162934621569113, 0.20317734085266775, 2.285167184035807], "rotation": [[-0.6230272412786995, -0.03987089158104371, -0.7811833130765055], [-0.0911820901452874, 0.9955932351980881, 0.021907452260394797], [0.7768673522947079, 0.08487886681817478, -0.6239172179915158]], "fy": 2486.7264088976685, "fx": 2486.7264088976685}, {"id": 40, "img_name": "image040", "width": 1024, "height": 1024, "position": [2.5589250830427455, 0.4719438464182565, -1.686439536169277], "rotation": [[0.5244893021027667, -0.0066961173304553945, -0.8513907058410078], [-0.0776015748949882, 0.9954309594798106, -0.055634525997090206], [0.8478732025212085, 0.0952489733372499, 0.5215732599785283]], "fy": 2486.7264088976685, "fx": 2486.7264088976685}, {"id": 41, "img_name": "image041", "width": 1024, "height": 1024, "position": [2.288963916628532, -1.4890197110896464, 1.4081479628298534], "rotation": [[-0.48262654826767676, 0.40684569610550597, -0.7755953806384187], [-0.0989002828708581, 0.8545778815469729, 0.5098189663191752], [0.8702243095635123, 0.32275877049448914, -0.3722048187672933]], "fy": 2486.7264088976685, "fx": 2486.7264088976685}, {"id": 42, "img_name": "image042", "width": 1024, "height": 1024, "position": [1.2996652706987464, -0.17803607407678673, -2.866343172497247], "rotation": [[0.8671988072646003, 0.09500690923655966, -0.48881480734136], [-0.03444039810368607, 0.9907232267298034, 0.13145853717635173], [0.49676965251242383, -0.09716571008026827, 0.8624260763261294]], "fy": 2486.7264088976685, "fx": 2486.7264088976685}, {"id": 43, "img_name": "image043", "width": 1024, "height": 1024, "position": [0.6306565747543723, 3.3726456409074594, 1.275365156840775], "rotation": [[-0.6078455224011284, -0.736257070304272, -0.29740434987381975], [-0.09310343359380541, 0.4380377215247097, -0.8941223099635109], [0.7885781962176885, -0.515798876451288, -0.33480732892463066]], "fy": 2486.7264088976685, "fx": 2486.7264088976685}, {"id": 44, "img_name": "image044", "width": 1024, "height": 1024, "position": [-1.2183193367267025, 0.2796655314403366, -3.245130588851377], "rotation": [[0.9704609907092948, -0.040617449050133016, 0.23781439894210346], [0.04195701961448578, 0.9991192529335717, -0.000571771397576206], [-0.2375817207122714, 0.010532865237972023, 0.9713104471451314]], "fy": 2486.7264088976685, "fx": 2486.7264088976685}, {"id": 45, "img_name": "image045", "width": 1024, "height": 1024, "position": [-3.5270886974743845, 0.014635642294138832, -1.3400868062124733], "rotation": [[0.413770141526834, -0.11090652706913165, 0.9036005822454563], [0.10086936166823801, 0.9920254540638817, 0.07557030081977752], [-0.9047760175079277, 0.05987687986872259, 0.4216575831165386]], "fy": 2486.7264088976685, "fx": 2486.7264088976685}, {"id": 46, "img_name": "image046", "width": 1024, "height": 1024, "position": [1.7036190820020354, 2.9923083488282605, 0.5600293042662159], "rotation": [[-0.07353404170828835, -0.790426178950355, -0.6081276184650592], [-0.10340118592137598, 0.6125347576794004, -0.7836513034409444], [0.9919178088229369, 0.005256069308848091, -0.12677316070574174]], "fy": 2486.7264088976685, "fx": 2486.7264088976685}, {"id": 47, "img_name": "image047", "width": 1024, "height": 1024, "position": [2.558083280773814, -0.23036342565211793, 1.8701596866984695], "rotation": [[-0.5199225922241338, 0.07556232378917213, -0.8508647561854449], [-0.09677820662946236, 0.9844558818264946, 0.14656259911315703], [0.8487134244351986, 0.15854637164186128, -0.5045280678244558]], "fy": 2486.7264088976685, "fx": 2486.7264088976685}, {"id": 48, "img_name": "image048", "width": 1024, "height": 1024, "position": [1.6307470819233092, 1.5948297267800722, 2.603939664409531], "rotation": [[-0.7510739627158846, -0.3061092775334569, -0.5849658218547494], [-0.08076720363281102, 0.9219651504099473, -0.37875707286716026], [0.6552591558670459, -0.2372285219730299, -0.717187609356783]], "fy": 2486.7264088976685, "fx": 2486.7264088976685}, {"id": 49, "img_name": "image049", "width": 1024, "height": 1024, "position": [1.290970673448419, 0.4582396020622135, -2.9037051698721337], "rotation": [[0.8740728237293487, 0.004084752530174341, -0.4857777409624387], [-0.03344025860477213, 0.9980986251470919, -0.05177724967522652], [0.48464259813005384, 0.06150162011079072, 0.8725474788236448]], "fy": 2486.7264088976685, "fx": 2486.7264088976685}, {"id": 50, "img_name": "image050", "width": 1024, "height": 1024, "position": [-0.3382542408367507, -0.5837422795837968, -3.232246254597428], "rotation": [[0.9997868484720756, -0.013098412932411626, -0.015958984959168386], [0.01665136344117777, 0.9685632321632213, 0.24820958361248646], [0.01220613443415807, -0.2484224162192014, 0.9685748878646345]], "fy": 2486.7264088976685, "fx": 2486.7264088976685}, {"id": 51, "img_name": "image051", "width": 1024, "height": 1024, "position": [-0.9195479623431115, -3.096290033625761, -0.42639895247351217], "rotation": [[0.3183551846054538, -0.9355529065984882, 0.15294030008453594], [0.10352846061256468, 0.1946815531411268, 0.9753875899916664], [-0.9423013500351255, -0.29468602244028974, 0.15883423403127192]], "fy": 2486.7264088976685, "fx": 2486.7264088976685}, {"id": 52, "img_name": "image052", "width": 1024, "height": 1024, "position": [2.5604678535985235, 2.0791035655809558, 0.2701170327971841], "rotation": [[0.012653007826017084, -0.5202882308237168, -0.8538969833998017], [-0.10271219524841806, 0.8487718126360434, -0.5186873962434174], [0.9946306381467471, 0.0942685893649199, -0.042700429962032965]], "fy": 2486.7264088976685, "fx": 2486.7264088976685}, {"id": 53, "img_name": "image053", "width": 1024, "height": 1024, "position": [2.3613177871349524, -1.704854885380645, 0.7801085723303542], "rotation": [[-0.30168482223270904, 0.522666524182704, -0.797374424303407], [-0.10422789171397912, 0.8132485688368786, 0.5725061675419993], [0.9476934180542131, 0.25582507653382963, -0.19086832003552204]], "fy": 2486.7264088976685, "fx": 2486.7264088976685}, {"id": 54, "img_name": "image054", "width": 1024, "height": 1024, "position": [0.675220991849947, 3.240149022440838, 1.5492529435703655], "rotation": [[-0.7046216170398397, -0.6381785559608856, -0.3102200952740516], [-0.08541704640422808, 0.5102917071069178, -0.8557489712769076], [0.7044233847507765, -0.5764811396477658, -0.4140738951523909]], "fy": 2486.7264088976685, "fx": 2486.7264088976685}, {"id": 55, "img_name": "image055", "width": 1024, "height": 1024, "position": [1.2827888275540928, -0.7896666709420058, 2.9603432241479144], "rotation": [[-0.8698237780217937, 0.09713040322664822, -0.4837068119811027], [-0.0650116934173064, 0.9493138307847488, 0.3075332996600518], [0.48906040006006135, 0.2989463755421927, -0.8194211308254618]], "fy": 2486.7264088976685, "fx": 2486.7264088976685}, {"id": 56, "img_name": "image056", "width": 1024, "height": 1024, "position": [-1.0431749963954773, 3.2470095047290872, -1.5158454386802716], "rotation": [[0.9552456724527982, 0.22802909151402517, 0.18843682942431814], [0.04780700885654882, 0.5096343541068805, -0.8590618807852275], [-0.29192498208339607, 0.8296237451624385, 0.47592462249631273]], "fy": 2486.7264088976685, "fx": 2486.7264088976685}, {"id": 57, "img_name": "image057", "width": 1024, "height": 1024, "position": [-3.244276352216653, -1.178332314432748, -1.1992474706453418], "rotation": [[0.3749173031471711, -0.4256668036961336, 0.8235561838951666], [0.10231272394886129, 0.9019262333990328, 0.4195964442470858], [-0.9213952041979687, -0.07305369078801591, 0.38169888124440793]], "fy": 2486.7264088976685, "fx": 2486.7264088976685}, {"id": 58, "img_name": "image058", "width": 1024, "height": 1024, "position": [1.3575284063821003, 1.6757801785687674, -2.522346490576234], "rotation": [[0.8426762939482193, -0.1859001558674593, -0.5053096037739127], [-0.039584589130740665, 0.9145731572731017, -0.40247857122940167], [0.5369634288487855, 0.3591616238463744, 0.7633303374260652]], "fy": 2486.7264088976685, "fx": 2486.7264088976685}, {"id": 59, "img_name": "image059", "width": 1024, "height": 1024, "position": [0.5512710470000514, -2.1617330561262253, 2.38136003365533], "rotation": [[-0.9399439615910757, 0.20369740909746295, -0.2738844913379633], [-0.0519233431796041, 0.7077376079824268, 0.7045647200082942], [0.33735636277018277, 0.6764723525572154, -0.6546570405366299]], "fy": 2486.7264088976685, "fx": 2486.7264088976685}, {"id": 60, "img_name": "image060", "width": 1024, "height": 1024, "position": [-1.9456460785715552, 1.9285413908989997, -2.4958423033440864], "rotation": [[0.8758466196568129, 0.17818125842487023, 0.4484909564103425], [0.0651627520903161, 0.87716636078274, -0.47574467022887396], [-0.4781699641087363, 0.44590426624702034, 0.756652410798351]], "fy": 2486.7264088976685, "fx": 2486.7264088976685}, {"id": 61, "img_name": "image061", "width": 1024, "height": 1024, "position": [-1.3160005718774554, -2.6156789452646056, -1.5269985808105895], "rotation": [[0.8085090558138319, -0.5241662572063083, 0.26751232022723037], [0.07521226598543734, 0.5428903666036322, 0.8364288163940251], [-0.5836576237079079, -0.6561400648149023, 0.47835550967071977]], "fy": 2486.7264088976685, "fx": 2486.7264088976685}, {"id": 62, "img_name": "image062", "width": 1024, "height": 1024, "position": [1.7220408481544167, -0.9763667933719387, 2.5615256737325804], "rotation": [[-0.7728522631978525, 0.17275100155357426, -0.6106197431562405], [-0.07790964481119847, 0.9291236458047223, 0.36146830850288064], [0.6297852542854184, 0.32693476760475904, -0.7046163432790018]], "fy": 2486.7264088976685, "fx": 2486.7264088976685}, {"id": 63, "img_name": "image063", "width": 1024, "height": 1024, "position": [-1.7644365063960552, -2.8866856615749366, -0.11805444682694692], "rotation": [[-0.06250624222366008, -0.9153114464848012, 0.3978667184082853], [0.10226420489610036, 0.39067427120050197, 0.9148309385995452], [-0.9927915199476903, 0.09787016785444563, 0.06918401668085736]], "fy": 2486.7264088976685, "fx": 2486.7264088976685}, {"id": 64, "img_name": "image064", "width": 1024, "height": 1024, "position": [-1.8497748545692412, -1.3866000208005398, -2.5382407800358924], "rotation": [[0.8566883622097416, -0.2978778132460384, 0.4211340148101893], [0.06804243996082356, 0.8745355195404176, 0.4801644004154719], [-0.5113269760325269, -0.3826962678651703, 0.7694727351527807]], "fy": 2486.7264088976685, "fx": 2486.7264088976685}, {"id": 65, "img_name": "image065", "width": 1024, "height": 1024, "position": [-2.422913865254566, 2.415697990388256, -1.68665437823274], "rotation": [[0.7111423893024302, 0.38631810746113254, 0.5873966479176396], [0.08448636472439024, 0.7824863612420677, -0.6169093520492339], [-0.6979531189935956, 0.48833739803316023, 0.523820608003651]], "fy": 2486.7264088976685, "fx": 2486.7264088976685}, {"id": 66, "img_name": "image066", "width": 1024, "height": 1024, "position": [-0.16349165382372435, -1.1420926642979499, 3.272867782380288], "rotation": [[-0.9977547313372778, 0.003452804463510673, -0.0668847832874825], [-0.02426505370957765, 0.9121829829845457, 0.4090640692139648], [0.0624235793794945, 0.40976857333713723, -0.9100511046324262]], "fy": 2486.7264088976685, "fx": 2486.7264088976685}, {"id": 67, "img_name": "image067", "width": 1024, "height": 1024, "position": [0.301499262523049, 0.974673995366665, -3.203952606921475], "rotation": [[0.9789951618978565, -0.038136478017275564, -0.20028500199722293], [-0.002838281860926593, 0.9797058822673491, -0.2004203792203596], [0.20386372197295838, 0.19677904689065007, 0.9590190767488099]], "fy": 2486.7264088976685, "fx": 2486.7264088976685}, {"id": 68, "img_name": "image068", "width": 1024, "height": 1024, "position": [-2.6713862000678206, -0.8073195379210608, 2.501286706901164], "rotation": [[-0.7342104624999599, -0.17317903829716388, 0.6564632643568596], [0.05542560413177273, 0.9484033221853398, 0.3121844661004747], [-0.6766557464192724, 0.2655939742582273, -0.6867290889976171]], "fy": 2486.7264088976685, "fx": 2486.7264088976685}, {"id": 69, "img_name": "image069", "width": 1024, "height": 1024, "position": [-2.9604501079943217, -1.3931207543420523, -1.489798958860561], "rotation": [[0.4822268096328825, -0.46562705475058586, 0.7420571069369165], [0.0991202842424403, 0.8706129148610695, 0.4818799868523386], [-0.8704208598850267, -0.15882253732202845, 0.4659859743764863]], "fy": 2486.7264088976685, "fx": 2486.7264088976685}, {"id": 70, "img_name": "image070", "width": 1024, "height": 1024, "position": [-0.6547982445135863, -3.1140963553164576, -0.5034330193638993], "rotation": [[0.6537428862505668, -0.7528749494548999, 0.07615477109190322], [0.08817296944599676, 0.1757405686901214, 0.9804798722949633], [-0.7515622170757745, -0.6342669493200431, 0.18127236652173925]], "fy": 2486.7264088976685, "fx": 2486.7264088976685}, {"id": 71, "img_name": "image071", "width": 1024, "height": 1024, "position": [0.8099297665389531, -2.0194834122897483, 2.4078487779598685], "rotation": [[-0.9065286080436178, 0.23813916813082603, -0.34856221740237087], [-0.0591028481993187, 0.7459640912825654, 0.6633584459790232], [0.4179865262579977, 0.621954428490492, -0.6621630862165576]], "fy": 2486.7264088976685, "fx": 2486.7264088976685}, {"id": 72, "img_name": "image072", "width": 1024, "height": 1024, "position": [1.3265937137252097, 2.0759745678601327, -2.2873884455063984], "rotation": [[0.8278662852124213, -0.2601823538263961, -0.4969331510031726], [-0.04251887563306879, 0.8542598596660671, -0.5181044656999307], [0.5593116832531622, 0.45005025821642086, 0.6961502754835678]], "fy": 2486.7264088976685, "fx": 2486.7264088976685}, {"id": 73, "img_name": "image073", "width": 1024, "height": 1024, "position": [-1.8295259235496049, 0.5508156293787196, 3.2690237207410715], "rotation": [[-0.9087952386968543, 0.0568713368308178, 0.4133483581302847], [0.026813202210727326, 0.9965798423454232, -0.07816437819095257], [-0.41637995425948776, -0.05995222162561851, -0.9072119183592213]], "fy": 2486.7264088976685, "fx": 2486.7264088976685}, {"id": 74, "img_name": "image074", "width": 1024, "height": 1024, "position": [-2.808469286662454, -1.3284334500268573, -1.7665321089746517], "rotation": [[0.5735666034261232, -0.42850301541614877, 0.6981450545649437], [0.09459235468050099, 0.8812155664840352, 0.46315376693083177], [-0.8136790754776839, -0.1996103483426865, 0.5459689285703836]], "fy": 2486.7264088976685, "fx": 2486.7264088976685}, {"id": 75, "img_name": "image075", "width": 1024, "height": 1024, "position": [-1.31205678275228, 0.04646961026265991, 3.459218601489903], "rotation": [[-0.9644242561975868, -0.007807880913633901, 0.2642439990867707], [0.010194302086184593, 0.997721843421005, 0.06668732537422001], [-0.264162696576762, 0.06700865732299065, -0.9621475508367014]], "fy": 2486.7264088976685, "fx": 2486.7264088976685}, {"id": 76, "img_name": "image076", "width": 1024, "height": 1024, "position": [-1.0029916810339459, 1.161164289419317, -3.17474392747797], "rotation": [[0.9843812342067534, 0.009688865267784584, 0.17578313807476484], [0.03586141471237946, 0.9665140287767204, -0.254095633792908], [-0.1723587673326073, 0.2564308056135526, 0.9510708161099092]], "fy": 2486.7264088976685, "fx": 2486.7264088976685}, {"id": 77, "img_name": "image077", "width": 1024, "height": 1024, "position": [2.2942523963596644, 2.194481528322218, 1.1596233506699158], "rotation": [[-0.29356904074586926, -0.5558855519622754, -0.7776943303349628], [-0.10276247573862032, 0.8271778103234648, -0.5524642465251008], [0.950398385886476, -0.08226860414565416, -0.29995797184990103]], "fy": 2486.7264088976685, "fx": 2486.7264088976685}, {"id": 78, "img_name": "image078", "width": 1024, "height": 1024, "position": [0.21653796324242705, 0.2814506260607897, -3.2916379705628307], "rotation": [[0.9844175743185737, -0.00021376494443353823, -0.17584650601386426], [4.544377701158866e-05, 0.9999995369843699, -0.0009612314543803264], [0.17584663007177187, 0.0009382620072722345, 0.9844171282321368]], "fy": 2486.7264088976685, "fx": 2486.7264088976685}, {"id": 79, "img_name": "image079", "width": 1024, "height": 1024, "position": [2.319938709380203, -1.8594113621971566, 0.21975893240451938], "rotation": [[-0.11874110759234666, 0.6065596620101215, -0.7861208086483337], [-0.10514770469646133, 0.7795888668351083, 0.6174019427437992], [0.9873421441247245, 0.15596978915456372, -0.02879088929283761]], "fy": 2486.7264088976685, "fx": 2486.7264088976685}, {"id": 80, "img_name": "image080", "width": 1024, "height": 1024, "position": [-1.5857474523014083, -2.8261089400051547, -0.8255981852739502], "rotation": [[0.4465603354115828, -0.8251365965734276, 0.34602523583160105], [0.09993865254034949, 0.43030432136639746, 0.8971345811759924], [-0.8891547292600507, -0.36604342366531406, 0.2746198817017103]], "fy": 2486.7264088976685, "fx": 2486.7264088976685}, {"id": 81, "img_name": "image081", "width": 1024, "height": 1024, "position": [-2.9096368834155535, -2.095110287530274, 0.03493493798892124], "rotation": [[-0.06203888473258605, -0.6825807041645353, 0.7281722042782078], [0.1021106235543365, 0.7214085879056736, 0.6849401943624616], [-0.9928366418190263, 0.11684704360055136, 0.0249433570982211]], "fy": 2486.7264088976685, "fx": 2486.7264088976685}, {"id": 82, "img_name": "image082", "width": 1024, "height": 1024, "position": [-2.7119013804646697, -0.5811205809522006, -2.3049202674297486], "rotation": [[0.7052442324241195, -0.23380433247157092, 0.6693027018846088], [0.08527562329164018, 0.9651776090454621, 0.24730598672395146], [-0.7038171926748712, -0.11733591570703376, 0.7006237522240129]], "fy": 2486.7264088976685, "fx": 2486.7264088976685}, {"id": 83, "img_name": "image083", "width": 1024, "height": 1024, "position": [-0.5100215023559771, -3.020678519440873, 1.1508159057810812], "rotation": [[-0.9920545130388574, -0.12126055411922441, 0.033521950628407904], [-0.004610106905566131, 0.30131110455606686, 0.9535147430352201], [-0.1257242620720202, 0.945784064301097, -0.29947606522148656]], "fy": 2486.7264088976685, "fx": 2486.7264088976685}, {"id": 84, "img_name": "image084", "width": 1024, "height": 1024, "position": [-1.4897566794327697, -2.978827076595996, -0.2614074607542696], "rotation": [[0.040318306752366, -0.9471379911319522, 0.31828298712804726], [0.10321273708897331, 0.3207857867213982, 0.9415113435005105], [-0.993841820936926, -0.0051092848877456925, 0.11069024421651277]], "fy": 2486.7264088976685, "fx": 2486.7264088976685}, {"id": 85, "img_name": "image085", "width": 1024, "height": 1024, "position": [2.536997742362276, 1.1739299150504752, -1.5023171853886337], "rotation": [[0.5018447466326994, -0.1847616742624282, -0.8449940674353317], [-0.07928755686534861, 0.9629800085263717, -0.25764895983658265], [0.8613160474549894, 0.19629729214202943, 0.4686171566366525]], "fy": 2486.7264088976685, "fx": 2486.7264088976685}, {"id": 86, "img_name": "image086", "width": 1024, "height": 1024, "position": [-3.1150282426128726, -0.15572709622933228, -1.9815295472555365], "rotation": [[0.5996634423540739, -0.15542734379695775, 0.7850134372762575], [0.09287925432422005, 0.9878456335592656, 0.12463726719593234], [-0.7948441356770769, -0.001828950003605592, 0.6068108889280458]], "fy": 2486.7264088976685, "fx": 2486.7264088976685}, {"id": 87, "img_name": "image087", "width": 1024, "height": 1024, "position": [0.5563895765259412, -1.552097174140535, -2.652783313433048], "rotation": [[0.9426670658781178, 0.18853266531505458, -0.275380168163835], [-0.015382264164782932, 0.8488151575445423, 0.5284659064422215], [0.3333799466943165, -0.49393143495007036, 0.8030501532969527]], "fy": 2486.7264088976685, "fx": 2486.7264088976685}, {"id": 88, "img_name": "image088", "width": 1024, "height": 1024, "position": [-1.556621563367025, -1.049815301933706, -2.8558297442998213], "rotation": [[0.9213874867880733, -0.19508253361908623, 0.3361367344803545], [0.055647978344231554, 0.9222038701185786, 0.38267914033105577], [-0.38464061368576014, -0.3338904416347883, 0.8605630548009644]], "fy": 2486.7264088976685, "fx": 2486.7264088976685}, {"id": 89, "img_name": "image089", "width": 1024, "height": 1024, "position": [1.1721072197054736, -2.6574065497008634, 1.0544226771885303], "rotation": [[-0.6304746394767474, 0.6293175490079125, -0.45437996378288886], [-0.0913640723667048, 0.5211471540730448, 0.8485624609197238], [0.7708140730793887, 0.5765111155149045, -0.27107304998933984]], "fy": 2486.7264088976685, "fx": 2486.7264088976685}, {"id": 90, "img_name": "image090", "width": 1024, "height": 1024, "position": [-3.526061482623006, 1.7510860991662953, 0.2976137692920232], "rotation": [[-0.008029893683439232, 0.42670894807818455, 0.9043533570664961], [0.10073735271271443, 0.9001268638645621, -0.42382026227846], [-0.9948806494127155, 0.0876989314607516, -0.050213452826663375]], "fy": 2486.7264088976685, "fx": 2486.7264088976685}, {"id": 91, "img_name": "image091", "width": 1024, "height": 1024, "position": [-0.771468673161428, 1.4974978229489906, 3.344148622354961], "rotation": [[-0.9934353647374099, 0.0352533060096539, 0.10882729668809778], [-0.00515362207398621, 0.9365723023208705, -0.3504365316357618], [-0.11427867810124545, -0.34869689838134993, -0.9302423645430573]], "fy": 2486.7264088976685, "fx": 2486.7264088976685}, {"id": 92, "img_name": "image092", "width": 1024, "height": 1024, "position": [2.27802851204266, -1.794315532680193, 0.8420491545379303], "rotation": [[-0.33324975914417015, 0.5391673592842824, -0.7734618004224683], [-0.1036691964228931, 0.7944262406613427, 0.5984476968471998], [0.9371218147836408, 0.27961671414831407, -0.20884730648374614]], "fy": 2486.7264088976685, "fx": 2486.7264088976685}, {"id": 93, "img_name": "image093", "width": 1024, "height": 1024, "position": [0.8774475760491943, 3.4161678808222855, -0.5807081816979636], "rotation": [[0.6090483432437687, -0.7020050054793833, -0.3691193409642895], [-0.06974370967628862, 0.4161882346528192, -0.9065997839714938], [0.7900607132066559, 0.5779068485651131, 0.2045183214993929]], "fy": 2486.7264088976685, "fx": 2486.7264088976685}, {"id": 94, "img_name": "image094", "width": 1024, "height": 1024, "position": [-0.3937817073279459, -0.21463179743066269, -3.308088804984423], "rotation": [[0.9998307851811603, -0.01839543298527415, 9.512785299570703e-05], [0.01819603273008747, 0.9897263091814317, 0.14181233129381424], [-0.0027028497756466504, -0.1417866035963385, 0.989893556724007]], "fy": 2486.7264088976685, "fx": 2486.7264088976685}, {"id": 95, "img_name": "image095", "width": 1024, "height": 1024, "position": [0.8576094502429105, 0.37660347564555197, 3.355008158454594], "rotation": [[-0.9306894062758793, -0.05943207205889058, -0.3609502152051418], [-0.05294912611690511, 0.9982092439862377, -0.027833348053725133], [0.36195803498376367, -0.00679220370797025, -0.932169644903481]], "fy": 2486.7264088976685, "fx": 2486.7264088976685}, {"id": 96, "img_name": "image096", "width": 1024, "height": 1024, "position": [2.1638482969265858, -0.9589361093936052, 2.104966897522598], "rotation": [[-0.6373497442569203, 0.221255879771756, -0.7381267771609865], [-0.08996891200817797, 0.9299733801188215, 0.3564479024239569], [0.7653044481562244, 0.29359044251610134, -0.5728121452059975]], "fy": 2486.7264088976685, "fx": 2486.7264088976685}, {"id": 97, "img_name": "image097", "width": 1024, "height": 1024, "position": [-0.670114198391128, -2.025908640182631, 2.687716376329071], "rotation": [[-0.9936197640234179, -0.08006742888569954, 0.07942903356884373], [-0.00702805677226665, 0.7468595795822648, 0.664944640405657], [-0.11256274232645919, 0.6601439049312174, -0.7426571576589771]], "fy": 2486.7264088976685, "fx": 2486.7264088976685}, {"id": 98, "img_name": "image098", "width": 1024, "height": 1024, "position": [0.044581287459781946, 2.034599371348564, 3.0718299571528442], "rotation": [[-0.9853995102381276, -0.113571084615742, -0.12684405371029941], [-0.03424224873501644, 0.8619862057824142, -0.5057739113896706], [0.16677911627067285, -0.494045938936898, -0.8532897143385308]], "fy": 2486.7264088976685, "fx": 2486.7264088976685}, {"id": 99, "img_name": "image099", "width": 1024, "height": 1024, "position": [-1.6139240533287798, 3.454076464251758, 0.7276283029826762], "rotation": [[-0.22995660944988996, 0.9062142305890958, 0.35481787729499176], [0.09669226403144456, 0.38405927017116187, -0.9182314975386479],