[{"id": 0, "img_name": "image001", "width": 1024, "height": 1024, "position": [2.7232645292522752, 3.6876765570625265, 0.18604545538597855], "rotation": [[0.7446741486357876, 0.1444491853736761, -0.6516094268796654], [-0.6393615501648388, 0.43453071708462526, -0.6343499539534432], [0.1915129774307187, 0.8889980251692365, 0.41593904688165345]], "fy": 2324.0994439216047, "fx": 2324.0994439216047}, {"id": 1, "img_name": "image003", "width": 1024, "height": 1024, "position": [-3.9333835662113206, 0.7500318119853175, 0.35596539116631937], "rotation": [[0.07444098382509641, -0.3732431751189953, 0.9247421652299861], [0.939285128647929, 0.3377260075307557, 0.06070083144553757], [-0.334965650519565, 0.8640779340224045, 0.3757224200225182]], "fy": 2324.0994439216047, "fx": 2324.0994439216047}, {"id": 2, "img_name": "image004", "width": 1024, "height": 1024, "position": [-4.16888583639457, 1.843049403086509, 2.0451177509600647], "rotation": [[0.17812659319937577, 0.08978782976547704, 0.979902578025586], [0.9239058730202034, 0.32743498273927946, -0.19795017018760766], [-0.3386278999048353, 0.9405979362642325, -0.024630625276418246]], "fy": 2324.0994439216047, "fx": 2324.0994439216047}, {"id": 3, "img_name": "image005", "width": 1024, "height": 1024, "position": [0.2781985003266733, 3.505352177795351, -1.475437964753602], "rotation": [[0.9907919567813512, 0.11579447953167314, -0.07016364362951603], [-0.13484731603208158, 0.7974700463883906, -0.5880966982327327], [-0.012144946946146108, 0.5921428574451328, 0.8057414825118465]], "fy": 2324.0994439216047, "fx": 2324.0994439216047}, {"id": 4, "img_name": "image008", "width": 1024, "height": 1024, "position": [1.3187700552794415, -2.5957590936835304, 0.18844901642743261], "rotation": [[-0.8822990773217164, 0.3467874784939034, -0.3182558450635092], [-0.4264521520234767, -0.30277869216649356, 0.8523283555088924], [0.19921571271311264, 0.8877294116620155, 0.4150296272296937]], "fy": 2324.0994439216047, "fx": 2324.0994439216047}, {"id": 5, "img_name": "image009", "width": 1024, "height": 1024, "position": [0.40082941895697427, 1.5288130939222453, -2.2430000212621515], "rotation": [[0.9472044940702657, 0.30449754314353494, -0.100423566121917], [-0.315443735704371, 0.9411015066119862, -0.1217505805223143], [0.057436016731340675, 0.1470006818766523, 0.9874674189611707]], "fy": 2324.0994439216047, "fx": 2324.0994439216047}, {"id": 6, "img_name": "image011", "width": 1024, "height": 1024, "position": [2.040504852265242, -0.9339018088860362, -1.1831586274804617], "rotation": [[-0.3251421053438278, 0.8088822970798673, -0.48988982516825214], [-0.8842065402802174, -0.07633153218783831, 0.46081698245566544], [0.3353526583438267, 0.5829947912843256, 0.7400376124745786]], "fy": 2324.0994439216047, "fx": 2324.0994439216047}, {"id": 7, "img_name": "image014", "width": 1024, "height": 1024, "position": [-3.609819785516604, -1.0959293529791074, 1.155927520766326], "rotation": [[-0.43932994499907174, -0.29771392410600217, 0.8475586226453707], [0.8533912834911325, 0.156346491279081, 0.49727164802155954], [-0.2805575104830915, 0.941765466588219, 0.18537877239156628]], "fy": 2324.0994439216047, "fx": 2324.0994439216047}, {"id": 8, "img_name": "image017", "width": 1024, "height": 1024, "position": [-4.108048629639749, 0.7518532212027076, 0.8886059142103178], "rotation": [[0.027659705705985416, -0.2551491952099789, 0.9665059900817784], [0.941748094172798, 0.33085260978249953, 0.06039104008056383], [-0.3351797544634244, 0.908534775770201, 0.24943755413736193]], "fy": 2324.0994439216047, "fx": 2324.0994439216047}, {"id": 9, "img_name": "image020", "width": 1024, "height": 1024, "position": [0.2813208625694356, -1.088106407600258, -1.7206589184290286], "rotation": [[-0.8517360148150863, 0.5187993199687644, -0.07343722943346073], [-0.48301349761237933, -0.7230852819796804, 0.493807286406977], [0.20308550463086011, 0.4560646232545492, 0.8664648505418524]], "fy": 2324.0994439216047, "fx": 2324.0994439216047}, {"id": 10, "img_name": "image021", "width": 1024, "height": 1024, "position": [2.248725877365233, 0.08098026930009256, -1.5000429890433282], "rotation": [[0.1153259025839669, 0.8351651077205536, -0.5377724230929934], [-0.9370022280568399, 0.27117884872718945, 0.2202018542599356], [0.3297374119048538, 0.47849898103247024, 0.8138255122206335]], "fy": 2324.0994439216047, "fx": 2324.0994439216047}, {"id": 11, "img_name": "image022", "width": 1024, "height": 1024, "position": [-0.08208428648971063, 1.585246569871122, -2.2491905334119977], "rotation": [[0.9956737201813202, 0.09197028193081108, 0.013240475137141673], [-0.0893454445024261, 0.9867522264309703, -0.13541578630347031], [-0.025519296364791087, 0.13364696358350367, 0.9907003859078463]], "fy": 2324.0994439216047, "fx": 2324.0994439216047}, {"id": 12, "img_name": "image024", "width": 1024, "height": 1024, "position": [3.640747074071266, 1.249417153035256, -0.14663972370205633], "rotation": [[0.24077545108098208, 0.4343052793686208, -0.8679896926054445], [-0.9164851789065416, 0.3961266999659768, -0.0560228026673905], [0.31950289357280304, 0.8089886042995963, 0.49341193653173504]], "fy": 2324.0994439216047, "fx": 2324.0994439216047}, {"id": 13, "img_name": "image026", "width": 1024, "height": 1024, "position": [1.3086007837031997, -2.8232692404044646, 0.7628747446753268], "rotation": [[-0.9091108925945663, 0.2715261509473319, -0.31589703119471774], [-0.3735105309414946, -0.1956307515725849, 0.9067626438682549], [0.18441059688020264, 0.9423386643828596, 0.2792679239859374]], "fy": 2324.0994439216047, "fx": 2324.0994439216047}, {"id": 14, "img_name": "image031", "width": 1024, "height": 1024, "position": [2.4118440867656665, 0.9357980522798884, -1.5140840314257296], "rotation": [[0.3823105252823455, 0.7223763665836462, -0.5762039979553656], [-0.8778160704914156, 0.47867174278388125, 0.01767226774503079], [0.2885786004632835, 0.4990448353220896, 0.8171148289518438]], "fy": 2324.0994439216047, "fx": 2324.0994439216047}, {"id": 15, "img_name": "image040", "width": 1024, "height": 1024, "position": [1.0113644748133257, -3.069236103977751, 1.6048771029093598], "rotation": [[-0.9564921845997788, 0.1564402405596273, -0.24627048530668125], [-0.2555301207218152, -0.041809776924275434, 0.9658966300580186], [0.14080858710830438, 0.986802104622395, 0.07996591842388114]], "fy": 2324.0994439216047, "fx": 2324.0994439216047}, {"id": 16, "img_name": "image043", "width": 1024, "height": 1024, "position": [-0.7221919541825579, 1.0369467566913573, -2.2191951015976494], "rotation": [[0.9343626703072679, -0.31666118095024953, 0.16337716124190974], [0.32218821690297694, 0.9466434443314894, -0.007806548090849864], [-0.15218788790554907, 0.05993234338324963, 0.9865327977271918]], "fy": 2324.0994439216047, "fx": 2324.0994439216047}, {"id": 17, "img_name": "image044", "width": 1024, "height": 1024, "position": [1.5239309790060347, 0.7823819121267734, -1.9973771810074994], "rotation": [[0.5400567216556056, 0.758083707697186, -0.3655787596656668], [-0.8006401034448025, 0.5966607685551207, 0.054510109366139856], [0.2594497295248069, 0.2632584649945761, 0.9291828767568869]], "fy": 2324.0994439216047, "fx": 2324.0994439216047}, {"id": 18, "img_name": "image045", "width": 1024, "height": 1024, "position": [-2.7606724410515984, -2.056523487568114, 2.7375977891891594], "rotation": [[-0.7560193124978785, -0.004852042122726437, 0.6545313260780372], [0.6304009179271636, 0.2637144739555687, 0.7301022934513541], [-0.17615187142583547, 0.9645885827198956, -0.1963145034876404]], "fy": 2324.0994439216047, "fx": 2324.0994439216047}, {"id": 19, "img_name": "image048", "width": 1024, "height": 1024, "position": [2.9149915362605596, -2.0249397612163538, 1.838542450688943], "rotation": [[-0.6844907191007286, 0.21617558473362253, -0.6962331305173889], [-0.6737770588161582, 0.17709355887115258, 0.7173997117502883], [0.2783827050626788, 0.960159355508983, 0.02443525220986115]], "fy": 2324.0994439216047, "fx": 2324.0994439216047}, {"id": 20, "img_name": "image054", "width": 1024, "height": 1024, "position": [-3.6986775826056446, 1.5782314215196445, -0.062379927842950926], "rotation": [[0.31894570214789375, -0.3768119448209894, 0.8696472832830622], [0.8883236999761829, 0.4387081264197292, -0.13570624110155993], [-0.3303855976612947, 0.8158112147142343, 0.4746550524375303]], "fy": 2324.0994439216047, "fx": 2324.0994439216047}, {"id": 21, "img_name": "image057", "width": 1024, "height": 1024, "position": [3.3914161603343844, -1.4588708963992263, 1.609138357756426], "rotation": [[-0.5359903985661454, 0.24268007552410917, -0.8085917842697368], [-0.7849474420758152, 0.2093077381775845, 0.5831361624163075], [0.3107600454105046, 0.9472574368578986, 0.07830416651663345]], "fy": 2324.0994439216047, "fx": 2324.0994439216047}, {"id": 22, "img_name": "image059", "width": 1024, "height": 1024, "position": [1.32186457846414, 0.41428498264831043, -2.031923017631337], "rotation": [[0.4574798022904957, 0.8304141362404923, -0.3180009321184549], [-0.8430894614309462, 0.5187509564908345, 0.1417660226003451], [0.282687796907341, 0.20324814260357116, 0.9374314919010736]], "fy": 2324.0994439216047, "fx": 2324.0994439216047}, {"id": 23, "img_name": "image060", "width": 1024, "height": 1024, "position": [1.0066418292998762, 0.2282101697488744, -2.0964162518154974], "rotation": [[0.47798459165568846, 0.8439526671613893, -0.2434638078460974], [-0.8308777218422437, 0.5243316796986014, 0.18632901279909742], [0.2849086546351087, 0.1132262569178191, 0.951843933246618]], "fy": 2324.0994439216047, "fx": 2324.0994439216047}, {"id": 24, "img_name": "image062", "width": 1024, "height": 1024, "position": [0.6462416149098955, -2.206445058294359, -0.729176375031756], "rotation": [[-0.9269689473697716, 0.33974158072904465, -0.1590730301965331], [-0.3348667015031963, -0.5582462851661054, 0.7590951042673189], [0.16909424247012764, 0.7569258506762554, 0.6312451138357278]], "fy": 2324.0994439216047, "fx": 2324.0994439216047}, {"id": 25, "img_name": "image070", "width": 1024, "height": 1024, "position": [-2.765390292819196, -2.2058311237170263, 1.7322098247522244], "rotation": [[-0.7409690613792335, -0.17240072164359568, 0.6490322343732586], [0.6453883517548282, 0.0842661075353261, 0.7591923988950564], [-0.18557673749143014, 0.9814159231934296, 0.048826838976371356]], "fy": 2324.0994439216047, "fx": 2324.0994439216047}, {"id": 26, "img_name": "image072", "width": 1024, "height": 1024, "position": [0.9202208069396748, 4.186598182132241, -0.6860637566054142], "rotation": [[0.9660626310122884, 0.13091285280334633, -0.22267648715682606], [-0.2556293779641466, 0.6083564237465471, -0.7513694715703952], [0.03710275034654737, 0.7827926204667497, 0.6211755784474473]], "fy": 2324.0994439216047, "fx": 2324.0994439216047}, {"id": 27, "img_name": "image074", "width": 1024, "height": 1024, "position": [1.6360100099919976, -2.85342341213015, 1.5209729921214674], "rotation": [[-0.8935552072083301, 0.21555099602408637, -0.3938233865375474], [-0.4060430741501709, -0.013758416662133378, 0.9137503641069753], [0.19154141485735413, 0.9763956544782323, 0.09981689391314232]], "fy": 2324.0994439216047, "fx": 2324.0994439216047}, {"id": 28, "img_name": "image076", "width": 1024, "height": 1024, "position": [-1.7446073258579642, 2.3072523160456972, -1.6744273369793508], "rotation": [[0.8356535316158439, -0.36822544683935676, 0.4075453292554385], [0.5062734354376969, 0.8041327402396381, -0.3115409196956361], [-0.21300324802237144, 0.4666696437252445, 0.8583991262561219]], "fy": 2324.0994439216047, "fx": 2324.0994439216047}, {"id": 29, "img_name": "image077", "width": 1024, "height": 1024, "position": [3.360539786958398, -1.1911379292596238, 0.6771526973831984], "rotation": [[-0.42755858809245456, 0.41910399787183295, -0.8009653505091422], [-0.8448151708214967, 0.13004813182228897, 0.5190133047999617], [0.3216845984784348, 0.8985762752139513, 0.29846221992806554]], "fy": 2324.0994439216047, "fx": 2324.0994439216047}, {"id": 30, "img_name": "image079", "width": 1024, "height": 1024, "position": [-2.3478128505307936, 1.4566390085367542, -1.5064516458840587], "rotation": [[0.5842394730648346, -0.5902141046433509, 0.5570561450993717], [0.7560676044083783, 0.6453129687917502, -0.10923804224423748], [-0.2950017214815884, 0.48499328138565545, 0.8232590730345299]], "fy": 2324.0994439216047, "fx": 2324.0994439216047}, {"id": 31, "img_name": "image081", "width": 1024, "height": 1024, "position": [3.263875905680027, 2.695447665778385, -0.09655023045738355], "rotation": [[0.5603007698812735, 0.27958934462753626, -0.7796748332742288], [-0.7886590665953872, 0.4677612118941423, -0.39901920420477943], [0.25314012709830136, 0.8384683935713186, 0.48258763870885446]], "fy": 2324.0994439216047, "fx": 2324.0994439216047}, {"id": 32, "img_name": "image082", "width": 1024, "height": 1024, "position": [-0.5181076595504699, 4.128190733848244, -0.8870735032215853], "rotation": [[0.9926826423414735, 0.01946916092016195, 0.11917266199517061], [0.07520878815732729, 0.6724321248207388, -0.7363278316707664], [-0.09447121137074833, 0.7399026890626436, 0.6660474464630971]], "fy": 2324.0994439216047, "fx": 2324.0994439216047}, {"id": 33, "img_name": "image085", "width": 1024, "height": 1024, "position": [-2.757127964013124, -1.9409210523365217, 0.6164592058357147], "rotation": [[-0.6646316759777442, -0.37695425597039306, 0.6451125670709117], [0.714033196578893, -0.06616001037881668, 0.6969787996847554], [-0.220048470729388, 0.9238659761742944, 0.3131298909353362]], "fy": 2324.0994439216047, "fx": 2324.0994439216047}, {"id": 34, "img_name": "image086", "width": 1024, "height": 1024, "position": [-3.8847727602021807, 2.4842061956109256, 1.0719962171052324], "rotation": [[0.4014992482757593, -0.06282709437226029, 0.9137018714256522], [0.8562859384829691, 0.3796853950579518, -0.3501619515824466], [-0.3249195980397932, 0.9229798248024851, 0.2062413581637615]], "fy": 2324.0994439216047, "fx": 2324.0994439216047}, {"id": 35, "img_name": "image089", "width": 1024, "height": 1024, "position": [-2.6227982015634246, 1.6318828441327493, -1.2625028595507874], "rotation": [[0.5623466881809757, -0.5425578948623032, 0.6240169332754316], [0.7675502014924527, 0.6232347340798173, -0.14981706987307664], [-0.3076245934264416, 0.5632134559463624, 0.7669144101920182]], "fy": 2324.0994439216047, "fx": 2324.0994439216047}, {"id": 36, "img_name": "image091", "width": 1024, "height": 1024, "position": [-3.9103261468264625, -0.5787729404049974, 1.4414279096516371], "rotation": [[-0.32632838634313793, -0.21957657495134908, 0.9193997563624421], [0.8950908867556157, 0.24086873947468387, 0.3752260049502459], [-0.30384550138800576, 0.9453932399147517, 0.11793868411068488]], "fy": 2324.0994439216047, "fx": 2324.0994439216047}, {"id": 37, "img_name": "image094", "width": 1024, "height": 1024, "position": [0.23449127478488654, 4.198240664450148, -0.8405264250918032], "rotation": [[0.9946094810237834, 0.08515078952974549, -0.05917198070084505], [-0.10048655451224013, 0.6507317451199953, -0.7526291571918696], [-0.025581880694327073, 0.7545180839022656, 0.6557804727533404]], "fy": 2324.0994439216047, "fx": 2324.0994439216047}, {"id": 38, "img_name": "image095", "width": 1024, "height": 1024, "position": [-3.659360516757203, 2.3562066585830306, 0.2766093417308184], "rotation": [[0.4553673777028897, -0.22570132846817373, 0.8612197522419553], [0.8311242814133508, 0.45455748709059235, -0.32032783172092133], [-0.3191754692471442, 0.8616474924570879, 0.39457650534880784]], "fy": 2324.0994439216047, "fx": 2324.0994439216047}, {"id": 39, "img_name": "image098", "width": 1024, "height": 1024, "position": [1.4307303338028947, -2.9482913422478694, 2.210190844797171], "rotation": [[-0.9288054037660533, 0.1346643550696789, -0.34523330286727194], [-0.33115629445796513, 0.11646199786737636, 0.936361101121575], [0.16630102397714677, 0.9840234318990613, -0.0635755841321629]], "fy": 2324.0994439216047, "fx": 2324.0994439216047}, {"id": 40, "img_name": "image099", "width": 1024, "height": 1024, "position": [1.2590362367600911, 2.364748160797283, -1.778337591317594], "rotation": [[0.8844364797699854, 0.34635562126449687, -0.31274573837314], [-0.44170670411110413, 0.8375441558955784, -0.32158198716418857], [0.150556636503947, 0.42256073000652494, 0.8937422048113042]], "fy": 2324.0994439216047, "fx": 2324.0994439216047}, {"id": 41, "img_name": "image100", "width": 1024, "height": 1024, "position": [-1.5194002211230828, 0.5945482638199382, -1.9507608549839859], "rotation": [[0.5777280048903854, -0.7334349027300138, 0.35819491317268837], [0.7578598837698045, 0.644970804895069, 0.09829067812068965], [-0.30311507540502325, 0.21467627789399987, 0.9284585864602605]], "fy": 2324.0994439216047, "fx": 2324.0994439216047}, {"id": 42, "img_name": "image101", "width": 1024, "height": 1024, "position": [3.549448775442109, -1.177553876646048, 1.377369743540051], "rotation": [[-0.4562941516617883, 0.27449419446509665, -0.846432858745575], [-0.8307846549495387, 0.20931232651797707, 0.5157375369972673], [0.31873579067877644, 0.9385314524152024, 0.1325375741734613]], "fy": 2324.0994439216047, "fx": 2324.0994439216047}, {"id": 43, "img_name": "image102", "width": 1024, "height": 1024, "position": [0.03544341446532117, -2.4617782462534255, -0.4934314165707341], "rotation": [[-0.9933352343736569, 0.1143415786379571, -0.014529815773477592], [-0.07757337948127152, -0.5699678717412054, 0.8179969413015276], [0.08524953341623621, 0.813672310317477, 0.5750390321316752]], "fy": 2324.0994439216047, "fx": 2324.0994439216047}, {"id": 44, "img_name": "image107", "width": 1024, "height": 1024, "position": [-0.3581300147525261, 3.8967410951364325, -1.1475511674641399], "rotation": [[0.9962920702172666, 0.029176424418950415, 0.08093730339168848], [0.033923656992406334, 0.7313073686917001, -0.6812038740300025], [-0.07906513971691011, 0.6814237072155233, 0.7276059613047425]], "fy": 2324.0994439216047, "fx": 2324.0994439216047}, {"id": 45, "img_name": "image109", "width": 1024, "height": 1024, "position": [0.7896295056784834, -2.9028588964080755, 3.33713141191523], "rotation": [[-0.9803640684367347, 0.04485326417300424, -0.1920272845488359], [-0.16529721633926944, 0.34409385974270035, 0.9242706562246037], [0.10753196542731687, 0.9378633164701546, -0.3299231365499252]], "fy": 2324.0994439216047, "fx": 2324.0994439216047}, {"id": 46, "img_name": "image111", "width": 1024, "height": 1024, "position": [2.9297109267438186, -1.9330950056097858, 2.6007514845532658], "rotation": [[-0.7083744376199542, 0.08646746898115741, -0.7005205442630545], [-0.6522899807702178, 0.2989884193032189, 0.6965082240069757], [0.26967283347308546, 0.9503311538251049, -0.15539388969982812]], "fy": 2324.0994439216047, "fx": 2324.0994439216047}, {"id": 47, "img_name": "image118", "width": 1024, "height": 1024, "position": [-2.412686451806748, -2.2328808910718587, 0.6355159809244193], "rotation": [[-0.7542807544150343, -0.33656057373856174, 0.5637264617914055], [0.6297809991819886, -0.1282091273793916, 0.7661189938423083], [-0.18557057037262886, 0.9328930270193817, 0.3086651317369556]], "fy": 2324.0994439216047, "fx": 2324.0994439216047}, {"id": 48, "img_name": "image121", "width": 1024, "height": 1024, "position": [-0.6267712257569672, -2.5673799879280743, -0.22675451249938258], "rotation": [[-0.9857375004672343, -0.0914281979119024, 0.14128858693890017], [0.16818724712304592, -0.5058438126748164, 0.8460703795097525], [-0.005884732600605461, 0.8577662396044664, 0.5140062724491136]], "fy": 2324.0994439216047, "fx": 2324.0994439216047}, {"id": 49, "img_name": "image122", "width": 1024, "height": 1024, "position": [-1.3539987838241134, 0.8219286225298871, -2.034617660203758], "rotation": [[0.7203250951800877, -0.6167129977062539, 0.31748517400654125], [0.6384414723976255, 0.7684060270976876, 0.04409834285661632], [-0.2711535424377664, 0.1709305589416763, 0.9472372989084289]], "fy": 2324.0994439216047, "fx": 2324.0994439216047}, {"id": 50, "img_name": "image124", "width": 1024, "height": 1024, "position": [-0.6794112258556609, 3.856488903098973, -1.126776684725873], "rotation": [[0.9875297850981486, -0.007865988786673795, 0.15723565042448948], [0.11289434390619976, 0.7314845072431465, -0.6724472341955463], [-0.10972597986800135, 0.6818126882683097, 0.7232507638836945]], "fy": 2324.0994439216047, "fx": 2324.0994439216047}, {"id": 51, "img_name": "image127", "width": 1024, "height": 1024, "position": [0.41939270206727286, 4.484905021792292, -0.4274974347371619], "rotation": [[0.9909683797717594, 0.0853989955824594, -0.10338608149089043], [-0.13345530158558996, 0.5528225900494598, -0.8225429267884481], [-0.013090178426331353, 0.8289114521373884, 0.5592266550731042]], "fy": 2324.0994439216047, "fx": 2324.0994439216047}, {"id": 52, "img_name": "image131", "width": 1024, "height": 1024, "position": [-4.236352237885799, 1.3641492439517888, 2.064014224648575], "rotation": [[0.06988844149790295, 0.056051134610589824, 0.995978853216201], [0.9387705419589462, 0.333977463727479, -0.08466949434280706], [-0.3373803125481691, 0.9409130268154574, -0.029277989580461176]], "fy": 2324.0994439216047, "fx": 2324.0994439216047}, {"id": 53, "img_name": "image134", "width": 1024, "height": 1024, "position": [1.5300312560847904, 4.150851020776189, -0.418878147825905], "rotation": [[0.9178973808558246, 0.1496696529252922, -0.367509718526245], [-0.3866653357301878, 0.5455055180841358, -0.743581634983288], [0.08918697417604415, 0.8246349039017091, 0.5585901528888068]], "fy": 2324.0994439216047, "fx": 2324.0994439216047}, {"id": 54, "img_name": "image136", "width": 1024, "height": 1024, "position": [-3.1716083231851036, 2.1108792765803206, -0.6314905157128679], "rotation": [[0.5279944485937137, -0.40400064525418367, 0.746997550791449], [0.7928732992871993, 0.5496351982921509, -0.2631597995055077], [-0.3042594181478225, 0.7312213258874164, 0.6105256579668027]], "fy": 2324.0994439216047, "fx": 2324.0994439216047}, {"id": 55, "img_name": "image140", "width": 1024, "height": 1024, "position": [-3.596323304663948, -1.1671505297804026, 2.4728416519196457], "rotation": [[-0.5320014600883262, -0.03181303592478146, 0.8461456004785098], [0.806239546988601, 0.28633658400449236, 0.517676688225628], [-0.25875130789139017, 0.9576007996059147, -0.12668255309476567]], "fy": 2324.0994439216047, "fx": 2324.0994439216047}, {"id": 56, "img_name": "image146", "width": 1024, "height": 1024, "position": [1.8195071665450988, -2.729098189345896, 2.640810060309269], "rotation": [[-0.8936261051142446, 0.10223669004438404, -0.43701263536322815], [-0.4059010046222923, 0.23138975535031245, 0.8841397828203053], [0.19151177171380124, 0.9674742582248332, -0.1652779506387643]], "fy": 2324.0994439216047, "fx": 2324.0994439216047}, {"id": 57, "img_name": "image147", "width": 1024, "height": 1024, "position": [-2.404439224260117, -2.324976791054622, 0.8809952398410816], "rotation": [[-0.7739207005119886, -0.2918120888795301, 0.5620431069791695], [0.6080807188722407, -0.0945463372277879, 0.7882251134369092], [-0.17687449973032282, 0.9517913084813157, 0.2506166723196472]], "fy": 2324.0994439216047, "fx": 2324.0994439216047}, {"id": 58, "img_name": "image149", "width": 1024, "height": 1024, "position": [-0.8156244617927838, -3.1320063864939343, 2.282482798646327], "rotation": [[-0.9823902667486145, 0.003290041910016787, 0.18681150773390773], [0.18644928340276704, 0.0819291972850509, 0.9790425278560791], [-0.012084225923913857, 0.9966327218471493, -0.08109987193184859]], "fy": 2324.0994439216047, "fx": 2324.0994439216047}, {"id": 59, "img_name": "image150", "width": 1024, "height": 1024, "position": [-3.916906796163897, -0.5869939839352588, 1.5725606152118368], "rotation": [[-0.33680454513932945, -0.19168647739784966, 0.9218562755420678], [0.8919942497062336, 0.24855770465548865, 0.3775782381803912], [-0.3015111222898795, 0.9494605636039859, 0.08726787092795822]], "fy": 2324.0994439216047, "fx": 2324.0994439216047}, {"id": 60, "img_name": "image157", "width": 1024, "height": 1024, "position": [3.290722539924986, 1.8526596362509673, -0.5395090668274249], "rotation": [[0.43059176926374704, 0.4451822941959535, -0.7851136562159289], [-0.8560722977506868, 0.4769944638160183, -0.19903894722573442], [0.2858862523210509, 0.7578185841105354, 0.5864981196138037]], "fy": 2324.0994439216047, "fx": 2324.0994439216047}, {"id": 61, "img_name": "image158", "width": 1024, "height": 1024, "position": [2.7753666019494023, 2.472692175179117, -0.8683104337721974], "rotation": [[0.6232346953842268, 0.41509068549250455, -0.6627806856620766], [-0.7463110404689464, 0.5689164987253369, -0.3454762630807833], [0.23366288824605536, 0.709953336702819, 0.6643552621610256]], "fy": 2324.0994439216047, "fx": 2324.0994439216047}, {"id": 62, "img_name": "image162", "width": 1024, "height": 1024, "position": [-4.0696107074930925, 1.1103890540710186, 0.7220087531907212], "rotation": [[0.12590244608543025, -0.26099654071649353, 0.957094237681812], [0.9326917087564707, 0.35983703200634654, -0.02456596861103382], [-0.3379863170109703, 0.8957667755230081, 0.28873367206211453]], "fy": 2324.0994439216047, "fx": 2324.0994439216047}, {"id": 63, "img_name": "image163", "width": 1024, "height": 1024, "position": [-2.64132718451424, -1.6479772528097072, -0.06846115540820041], "rotation": [[-0.585420941952423, -0.5251977249932739, 0.6176161189488393], [0.7685112968245095, -0.11686424937230558, 0.6290732341085241], [-0.2582105872667654, 0.8429176097819626, 0.4720351636719611]], "fy": 2324.0994439216047, "fx": 2324.0994439216047}, {"id": 64, "img_name": "image168", "width": 1024, "height": 1024, "position": [-4.167947312093322, 1.5408406190879425, 1.3355612975810693], "rotation": [[0.16892023197435613, -0.09022851261184829, 0.9814910955997427], [0.9259678618979392, 0.355724768446543, -0.1266625747638676], [-0.3377121169900315, 0.9302250827759414, 0.14363781331043857]], "fy": 2324.0994439216047, "fx": 2324.0994439216047}, {"id": 65, "img_name": "image169", "width": 1024, "height": 1024, "position": [2.3304406001947098, 3.596259027252205, -0.4131463971751455], "rotation": [[0.7993851223327165, 0.22021414468079675, -0.5590072957266415], [-0.5773237205006772, 0.5391791203166111, -0.6131746879657229], [0.16637532251017195, 0.8128908947067315, 0.5581466163675325]], "fy": 2324.0994439216047, "fx": 2324.0994439216047}, {"id": 66, "img_name": "image170", "width": 1024, "height": 1024, "position": [3.5959875221900894, 2.5783008359645163, 0.42670028920215336], "rotation": [[0.47619633204643547, 0.1960094733367154, -0.8572148737089108], [-0.8350092623605215, 0.4064102265378904, -0.3709316103240027], [0.27567478143213997, 0.8924186316565135, 0.35720078493006957]], "fy": 2324.0994439216047, "fx": 2324.0994439216047}, {"id": 67, "img_name": "image171", "width": 1024, "height": 1024, "position": [2.879964092901908, 2.264344211420941, -0.8636113271541318], "rotation": [[0.5751976159515628, 0.44335945565482465, -0.6874446128126221], [-0.7794568614408128, 0.5520283103666489, -0.2961616884517317], [0.24818280310383348, 0.7061849174509467, 0.6631049378554826]], "fy": 2324.0994439216047, "fx": 2324.0994439216047}, {"id": 68, "img_name": "image172", "width": 1024, "height": 1024, "position": [-0.9881941808095587, -3.11041101228023, 1.9339505754057444], "rotation": [[-0.9734397602446336, -0.026222642680828957, 0.2274365981668375], [0.22738535953547884, 0.00495914921483603, 0.9737922289215427], [-0.026663297691601636, 0.9996438264951665, 0.001135212011243385]], "fy": 2324.0994439216047, "fx": 2324.0994439216047}, {"id": 69, "img_name": "image173", "width": 1024, "height": 1024, "position": [1.8497840386875248, -2.7721771357581666, 2.074888866433373], "rotation": [[-0.8802798066232828, 0.16508807810396572, -0.44480713631776936], [-0.43044508031478945, 0.11644294376340676, 0.8950743397508982], [0.19956075486946387, 0.979380910226277, -0.03144102098022178]], "fy": 2324.0994439216047, "fx": 2324.0994439216047}, {"id": 70, "img_name": "image176", "width": 1024, "height": 1024, "position": [3.317217365996751, -1.5394522470693996, 1.4693400080660752], "rotation": [[-0.548515707820585, 0.27117142996171806, -0.790946631478129], [-0.7776628939760787, 0.18209286441626876, 0.6017330072893028], [0.30719853776805656, 0.9451498528282144, 0.1109991625732941]], "fy": 2324.0994439216047, "fx": 2324.0994439216047}, {"id": 71, "img_name": "image177", "width": 1024, "height": 1024, "position": [0.5314093328349949, 3.482867109394389, -1.4604821559672996], "rotation": [[0.9797111910722968, 0.15254393366071717, -0.12998588535305103], [-0.19996112827999285, 0.7876149166108145, -0.5828192604136657], [0.013473279656195726, 0.5969866760954173, 0.8021380051461541]], "fy": 2324.0994439216047, "fx": 2324.0994439216047}, {"id": 72, "img_name": "image178", "width": 1024, "height": 1024, "position": [1.9741732323595547, -2.2832446007009635, 0.21137083221132708], "rotation": [[-0.7602348242518259, 0.4448136483963723, -0.4734805489089316], [-0.5967272329092972, -0.19000155077367914, 0.7796255641062638], [0.25682605299931716, 0.875237241497358, 0.40987821312785916]], "fy": 2324.0994439216047, "fx": 2324.0994439216047}, {"id": 73, "img_name": "image181", "width": 1024, "height": 1024, "position": [-1.6963964647224663, 1.3482978503908607, -1.8890663619125467], "rotation": [[0.7292282089561016, -0.5554229160666967, 0.39966436364860414], [0.6322716717313, 0.7702680740871537, -0.08318429640367307], [-0.26164623518939356, 0.31335679081525314, 0.9128793837420046]], "fy": 2324.0994439216047, "fx": 2324.0994439216047}, {"id": 74, "img_name": "image182", "width": 1024, "height": 1024, "position": [3.4582996548091187, 0.5707847472293902, -0.4235515713965874], "rotation": [[0.10640268527385595, 0.5575294011058415, -0.8233100482012073], [-0.9369643247626741, 0.3333804800447178, 0.10466761508307972], [0.33283077184740434, 0.760275228077119, 0.5578577371371181]], "fy": 2324.0994439216047, "fx": 2324.0994439216047}, {"id": 75, "img_name": "image183", "width": 1024, "height": 1024, "position": [-0.2394498267568336, 1.9110984648760403, -2.182121994545718], "rotation": [[0.9985776475247052, 0.01798082064012, 0.05019334570571846], [-0.006915330903629098, 0.9771440840939153, -0.21246556690145507], [-0.05286643606788001, 0.21181626238174256, 0.9758785841118297]], "fy": 2324.0994439216047, "fx": 2324.0994439216047}, {"id": 76, "img_name": "image185", "width": 1024, "height": 1024, "position": [2.354257447176896, -0.6317796339035312, -1.1320319318207674], "rotation": [[-0.19263644509695388, 0.8029538832871362, -0.5640534206389642], [-0.9195117746978447, 0.052994833021782116, 0.3894735470670804], [0.34262121389725436, 0.5936805614024275, 0.728116813980058]], "fy": 2324.0994439216047, "fx": 2324.0994439216047}, {"id": 77, "img_name": "image187", "width": 1024, "height": 1024, "position": [2.413472688820494, -2.2935176620997986, 0.9637331109890267], "rotation": [[-0.737061328862607, 0.35033130033743065, -0.5779347519393279], [-0.6224468691908246, -0.018794647704297205, 0.782436359234546], [0.2632498671031534, 0.9364372596290454, 0.23191542908701832]], "fy": 2324.0994439216047, "fx": 2324.0994439216047}, {"id": 78, "img_name": "image188", "width": 1024, "height": 1024, "position": [-0.8031489913747252, -1.7955866978593864, -1.13150598522374], "rotation": [[-0.9471481249426705, -0.26298709350652183, 0.18370688083622388], [0.31699663886810897, -0.6793883316166102, 0.6617738479341113], [-0.04922966954900521, 0.6850323229689168, 0.7268474091058628]], "fy": 2324.0994439216047, "fx": 2324.0994439216047}, {"id": 79, "img_name": "image189", "width": 1024, "height": 1024, "position": [0.901992523419041, -2.8886849337347025, 0.5921328975518658], "rotation": [[-0.9484168620540452, 0.22845137480605496, -0.21980770032185318], [-0.27860217335835225, -0.2697461177422116, 0.9217471784404916], [0.15128213632666904, 0.9354394696142708, 0.3194788160679997]], "fy": 2324.0994439216047, "fx": 2324.0994439216047}, {"id": 80, "img_name": "image190", "width": 1024, "height": 1024, "position": [-2.135597173596921, 2.355775725948271, -1.43684478532706], "rotation": [[0.767987224909279, -0.39828367653889457, 0.5015632914984967], [0.5935636020567887, 0.7367765536199744, -0.3237940091311806], [-0.24057820493451795, 0.5463793764762119, 0.8022416744796738]], "fy": 2324.0994439216047, "fx": 2324.0994439216047}, {"id": 81, "img_name": "image192", "width": 1024, "height": 1024, "position": [3.1354392754569167, 0.7558626174462763, -0.8588475339894187], "rotation": [[0.2084980892587948, 0.6306383687427144, -0.7475451789992094], [-0.9241886789528917, 0.3771321144823482, 0.06038753117475295], [0.32000598817950326, 0.6782821065718905, 0.6614601661730345]], "fy": 2324.0994439216047, "fx": 2324.0994439216047}, {"id": 82, "img_name": "image193", "width": 1024, "height": 1024, "position": [-0.2757274222074861, 1.4578332957199927, -2.2532562913594636], "rotation": [[0.9982664580307924, 0.001297476361676558, 0.058842122036405445], [0.004937114890244497, 0.9943873649513408, -0.10568535055384547], [-0.05864898692404555, 0.10579265088000946, 0.992657146930683]], "fy": 2324.0994439216047, "fx": 2324.0994439216047}, {"id": 83, "img_name": "image195", "width": 1024, "height": 1024, "position": [-0.6266318418280211, -3.0692773206666977, 0.9393009495241468], "rotation": [[-0.9893170488630822, -0.03430552191985005, 0.14168594847283592], [0.1457797505411064, -0.2341625355193924, 0.9612055822202145], [0.00020288177153149036, 0.971592012176374, 0.23666203902200095]], "fy": 2324.0994439216047, "fx": 2324.0994439216047}, {"id": 84, "img_name": "image198", "width": 1024, "height": 1024, "position": [0.2424007274758749, -2.737686561298209, -0.0012472834099090785], "rotation": [[-0.9876154930204688, 0.14331771288060713, -0.06384098307989333], [-0.12224130403458934, -0.44783002648188586, 0.8857230554576051], [0.09834989341050884, 0.8825578171178955, 0.45980321650705824]], "fy": 2324.0994439216047, "fx": 2324.0994439216047}, {"id": 85, "img_name": "image200", "width": 1024, "height": 1024, "position": [0.8138140488989426, 0.33484213398948665, -2.1609628988621683], "rotation": [[0.6027533030607443, 0.7729991959978262, -0.1978906229109317], [-0.7578493360253918, 0.6322047501876518, 0.1611878957181377], [0.24970550561658642, 0.05281474062118254, 0.9668804288214145]], "fy": 2324.0994439216047, "fx": 2324.0994439216047}, {"id": 86, "img_name": "image204", "width": 1024, "height": 1024, "position": [0.8577497815102417, 0.8017974170363845, -2.202031613623821], "rotation": [[0.744902253960327, 0.6339087141266213, -0.2080393573321116], [-0.639012925619353, 0.767525943422788, 0.050659718360395775], [0.19178924092925473, 0.09520329998110852, 0.9768076672183155]], "fy": 2324.0994439216047, "fx": 2324.0994439216047}, {"id": 87, "img_name": "image206", "width": 1024, "height": 1024, "position": [1.2351722291849703, -2.584757700015265, 0.10967639545781434], "rotation": [[-0.8897992180340546, 0.3451443518367485, -0.29855104752985784], [-0.41229461882271007, -0.3275484604106352, 0.8501324328435297], [0.1956284715367909, 0.879538164310005, 0.43375352292098546]], "fy": 2324.0994439216047, "fx": 2324.0994439216047}, {"id": 88, "img_name": "image208", "width": 1024, "height": 1024, "position": [2.952408411308866, 2.3285356326110835, -0.7505097692098168], "rotation": [[0.5709728348519192, 0.42051337256136195, -0.7050946924762886], [-0.7821949632125743, 0.5394759477697012, -0.3116676776678359], [0.24932120123656262, 0.7294752944925905, 0.6369495532135224]], "fy": 2324.0994439216047, "fx": 2324.0994439216047}, {"id": 89, "img_name": "image210", "width": 1024, "height": 1024, "position": [0.9504982210550532, -2.96697743744675, 0.8851076880062305], "rotation": [[-0.9500790754896978, 0.20966660700271236, -0.2310620354463516], [-0.2734932764466876, -0.20319641957675777, 0.9401662846590713], [0.1501704966199971, 0.9564262276721378, 0.2503950737649348]], "fy": 2324.0994439216047, "fx": 2324.0994439216047}, {"id": 90, "img_name": "image211", "width": 1024, "height": 1024, "position": [3.369346272404716, 2.6681519516763332, 0.053811404103256764], "rotation": [[0.536439358521224, 0.25603312788349153, -0.8041640703584892], [-0.8026103147686893, 0.4493083556040839, -0.39235020608030685], [0.26086298560018606, 0.8559024705014874, 0.44652151542026197]], "fy": 2324.0994439216047, "fx": 2324.0994439216047}, {"id": 91, "img_name": "image212", "width": 1024, "height": 1024, "position": [1.0314754313326095, 1.4903995745551357, -2.137749828181776], "rotation": [[0.8228508384236222, 0.5108141092797702, -0.24896876002072463], [-0.548431527620347, 0.8285846173074806, -0.11256283344616198], [0.1487930012384817, 0.22916473926442252, 0.9619481093387078]], "fy": 2324.0994439216047, "fx": 2324.0994439216047}, {"id": 92, "img_name": "image214", "width": 1024, "height": 1024, "position": [-1.6727892538261202, 3.1246552500048734, -1.296543604406421], "rotation": [[0.8948449080575661, -0.2128975627087301, 0.392335593995916], [0.40320830022442045, 0.7626053452141637, -0.5058222554227128], [-0.1915088957557312, 0.6108254376198397, 0.768255574404086]], "fy": 2324.0994439216047, "fx": 2324.0994439216047}, {"id": 93, "img_name": "image215", "width": 1024, "height": 1024, "position": [-2.5934799312582806, -2.2853588294153315, 2.4711998416255128], "rotation": [[-0.7895493881047135, -0.04590729157788562, 0.6119675516916353], [0.5930529274982037, 0.19933256555176293, 0.780099194651784], [-0.15779730330167788, 0.9788559898629291, -0.1301574514969581]], "fy": 2324.0994439216047, "fx": 2324.0994439216047}, {"id": 94, "img_name": "image217", "width": 1024, "height": 1024, "position": [-0.12290838011129285, -3.1532834756673846, 1.1911116081756765], "rotation": [[-0.9988020140446014, 0.04336044078842955, 0.022680584540090573], [0.014600274454653488, -0.17831575229586433, 0.9838649930092076], [0.04670512526796062, 0.983017479324652, 0.17746905819300224]], "fy": 2324.0994439216047, "fx": 2324.0994439216047}, {"id": 95, "img_name": "image219", "width": 1024, "height": 1024, "position": [-3.909544773364662, 1.2312035087029076, 0.3012556776724459], "rotation": [[0.195713389713689, -0.3399595066245849, 0.9198498806557223], [0.921011020275979, 0.38586565545530743, -0.05335163043662383], [-0.3368010831588547, 0.857633505522968, 0.38862552745208007]], "fy": 2324.0994439216047, "fx": 2324.0994439216047}, {"id": 96, "img_name": "image222", "width": 1024, "height": 1024, "position": [2.3461931602312585, -2.4618183298310603, 2.423335478143804], "rotation": [[-0.8176257409278627, 0.1295672632558017, -0.5609817038590164], [-0.5271079296221911, 0.22351057975977184, 0.8198781929438408], [0.23161471952699894, 0.9660514194533603, -0.11445207149972043]], "fy": 2324.0994439216047, "fx": 2324.0994439216047}, {"id": 97, "img_name": "image225", "width": 1024, "height": 1024, "position": [2.243937415069591, -1.0714566715858238, -0.9423911765451146], "rotation": [[-0.3721093789034912, 0.7562736131353519, -0.538130869033972], [-0.866455844583731, -0.07511980477085453, 0.4935699386286425], [0.332849634998675, 0.649928639933946, 0.6832304761022155]], "fy": 2324.0994439216047, "fx": 2324.0994439216047}, {"id": 98, "img_name": "image228", "width": 1024, "height": 1024, "position": [0.9532718676809958, 4.256617535711781, -0.5810997795995052], "rotation": [[0.9649636217239972, 0.12480878933900297, -0.23079855903588123], [-0.25946390045128476, 0.584759475854421, -0.768592765878699], [0.03903451180574134, 0.8015479533391595, 0.5966549969504087]], "fy": 2324.0994439216047, "fx": 2324.0994439216047}, {"id": 99, "img_name": "image234", "width": 1024, "height": 1024, "position": [3.1174936795139843, -1.0175587469422125, -0.017793992411042285], "rotation": [[-0.3555521262300664, 0.5654918736060841, -0.7441784909675628], [-0.8731082065316561, 0.08320013085130196, 0.48037464328730006], [0.33356370489061515, 0.8205465733959326, 0.4641536121456343]], "fy": 2324.0994439216047, "fx": 2324.0994439216047}, {"id": 100, "img_name": "image236", "w