[{"id": 0, "img_name": "RRI_UAT_360e_000_rgba", "width": 500, "height": 500, "position": [1.2650727347472521, -0.026706955136049624, -0.9413982705232691], "rotation": [[0.8143714853820171, 0.05527226311904382, -0.5777058600415842], [-0.04521796182530771, 0.9984712920870173, 0.031787022610607174], [0.5785796571994666, 0.0002362367063449913, 0.8156258483319213]], "fy": 606.0653248836669, "fx": 606.0653248836669}, {"id": 1, "img_name": "RRI_UAT_360e_001_rgba", "width": 500, "height": 500, "position": [2.3045898484439915, -0.05184561928737173, -0.5790476718545102], "rotation": [[0.6953752736890773, 0.058691736053928426, -0.7162461231035158], [-0.0494600095468607, 0.9982047778356683, 0.033777639965936905], [0.716942770517609, 0.011937404450717386, 0.6970298144107716]], "fy": 673.3440919642092, "fx": 673.3440919642092}, {"id": 2, "img_name": "RRI_UAT_360e_002_rgba", "width": 500, "height": 500, "position": [2.7511846841475833, -0.08420041350582866, 0.1892500275906811], "rotation": [[0.5824416764179099, 0.06473214156144581, -0.8102909621983719], [-0.05152110826569289, 0.9977597049055964, 0.042674895076283914], [0.8112381086799173, 0.016891450960945586, 0.5844719068611121]], "fy": 667.9104227275086, "fx": 667.9104227275086}, {"id": 3, "img_name": "RRI_UAT_360e_003_rgba", "width": 500, "height": 500, "position": [3.0975659393401673, -0.08771366279887302, 1.1126514354062063], "rotation": [[0.43857184354983486, 0.06553310975303715, -0.8963036034577766], [-0.0564530522286978, 0.9973770441834062, 0.04529994072883202], [0.8969212846952419, 0.030731795620629825, 0.44112103304939865]], "fy": 666.3206139703947, "fx": 666.3206139703947}, {"id": 4, "img_name": "RRI_UAT_360e_004_rgba", "width": 500, "height": 500, "position": [3.426729585950901, -0.12234253649805442, 2.051808039391437], "rotation": [[0.2764697149390427, 0.06748007140117951, -0.9586505811218268], [-0.06318644615416436, 0.9966496464661061, 0.05193221756667712], [0.9589431525090167, 0.046216037937901105, 0.27980726955065194]], "fy": 703.1351058098495, "fx": 703.1351058098495}, {"id": 5, "img_name": "RRI_UAT_360e_005_rgba", "width": 500, "height": 500, "position": [3.513686299305096, -0.20129829261165222, 3.014785286346313], "rotation": [[0.10823720095067493, 0.08186700458774569, -0.9907484554064129], [-0.059722004156688616, 0.9953388815427963, 0.07572181395505369], [0.9923295775849227, 0.05097356617861187, 0.11262195612385266]], "fy": 744.1505126351645, "fx": 744.1505126351645}, {"id": 6, "img_name": "RRI_UAT_360e_006_rgba", "width": 500, "height": 500, "position": [3.2825170068492553, -0.23676621282197455, 3.92597772510376], "rotation": [[-0.05879329365382348, 0.08301860959331789, -0.9948121727655567], [-0.06022854638057838, 0.9944256319876351, 0.08654585285774974], [0.9964516399816992, 0.06500440682896057, -0.05346546801999569]], "fy": 791.0651767466989, "fx": 791.0651767466989}, {"id": 7, "img_name": "RRI_UAT_360e_007_rgba", "width": 500, "height": 500, "position": [2.820973580980635, -0.26896592454542506, 4.762319135837873], "rotation": [[-0.23569725084711798, 0.08438118415655924, -0.96815630024467], [-0.05624383299231926, 0.9933691759545664, 0.10027118984871815], [0.9701976279054915, 0.07808646504793525, -0.22938846261936266]], "fy": 869.7864248912298, "fx": 869.7864248912298}, {"id": 8, "img_name": "RRI_UAT_360e_008_rgba", "width": 500, "height": 500, "position": [2.460818588420138, -0.30513770759313663, 5.487406679431397], "rotation": [[-0.40477328151070235, 0.07775316966620524, -0.9111053919179252], [-0.05415803868854437, 0.9925908025970462, 0.10876766727829412], [0.9128118631023961, 0.09336992667133173, -0.3975632771936089]], "fy": 1038.898016380528, "fx": 1038.898016380528}, {"id": 9, "img_name": "RRI_UAT_360e_009_rgba", "width": 500, "height": 500, "position": [2.3422948531045384, -0.29945624119654324, 6.160269219697341], "rotation": [[-0.5476685737741288, 0.05798137691937248, -0.8346839481089502], [-0.04611783202121068, 0.9939875465542304, 0.09930711386786474], [0.8354234129289616, 0.092881199527328, -0.5417017665694746]], "fy": 1148.0503429880746, "fx": 1148.0503429880746}, {"id": 10, "img_name": "RRI_UAT_360e_010_rgba", "width": 500, "height": 500, "position": [-4.918895291910662, 0.13429671614249725, -0.12540490898112433], "rotation": [[0.7803101606185279, -0.04990251380449825, 0.6233985822501356], [0.051020803801823465, 0.9985682656329958, 0.016071603844259465], [-0.623308054508285, 0.019265460978207628, 0.7817390301106847]], "fy": 924.7107267696974, "fx": 924.7107267696974}, {"id": 11, "img_name": "RRI_UAT_360e_011_rgba", "width": 500, "height": 500, "position": [-4.363032406388263, 0.1714113188571327, -0.6653047635192026], "rotation": [[0.8704401384273736, -0.03678557769123906, 0.490897939177235], [0.03810191171273959, 0.9992470613070289, 0.0073181140399336195], [-0.490797524177098, 0.012334169740549693, 0.8711863512007304]], "fy": 810.9080772465356, "fx": 810.9080772465356}, {"id": 12, "img_name": "RRI_UAT_360e_012_rgba", "width": 500, "height": 500, "position": [-3.6628818395786404, 0.1851514061957448, -1.1268899561357448], "rotation": [[0.9396227710752992, -0.022271272245471502, 0.34148651292451343], [0.02145539748550627, 0.9997507896702796, 0.006166398656523182], [-0.34153874450128596, 0.0015326402775375967, 0.9398664463732415]], "fy": 732.5000868652626, "fx": 732.5000868652626}, {"id": 13, "img_name": "RRI_UAT_360e_013_rgba", "width": 500, "height": 500, "position": [-2.955582303328888, 0.21245573834559017, -1.5830058971871594], "rotation": [[0.9801329946342494, -0.00893926636580917, 0.19813985552164792], [0.009667272774679056, 0.9999496062796714, -0.00270716424144026], [-0.19810567045493258, 0.004568853025792866, 0.9801700204125968]], "fy": 705.6301557618547, "fx": 705.6301557618547}, {"id": 14, "img_name": "RRI_UAT_360e_014_rgba", "width": 500, "height": 500, "position": [-2.133178820882769, 0.1885279699862454, -1.7375879164427392], "rotation": [[0.9988358656221967, 0.009372248612723772, 0.04731885990488453], [-0.009284667306265898, 0.9999547533114764, -0.0020703339818148167], [-0.047336122567958064, 0.0016285839633243938, 0.9988776898171797]], "fy": 667.8973064562591, "fx": 667.8973064562591}, {"id": 15, "img_name": "RRI_UAT_360e_015_rgba", "width": 500, "height": 500, "position": [-1.3110832598035689, 0.15402634567839038, -2.009467071678161], "rotation": [[0.9952086959796386, 0.02239890403071144, -0.09517321337818878], [-0.022224520802503783, 0.9997488219415691, 0.002892006490945775], [0.09521408573108471, -0.000762970948054107, 0.9954565263002327]], "fy": 677.5046693673187, "fx": 677.5046693673187}, {"id": 16, "img_name": "RRI_UAT_360e_016_rgba", "width": 500, "height": 500, "position": [-0.3175446950011798, 0.10724821894029082, -2.035606175165965], "rotation": [[0.9653232270201262, 0.033751781518974504, -0.25886653823881045], [-0.03300190012937427, 0.9994290426645914, 0.007243153069555538], [0.25896320580982324, 0.0015511037468899844, 0.9658859415654965]], "fy": 686.979055744649, "fx": 686.979055744649}, {"id": 17, "img_name": "RRI_UAT_360e_017_rgba", "width": 500, "height": 500, "position": [0.3554255863031713, 0.031007669973839812, -0.7114404049110725], "rotation": [[0.888862146719938, 0.04784448440439151, -0.4556698250274001], [-0.04081366925586233, 0.9988473469893727, 0.025263052352490874], [0.45635329354601634, -0.003857813418188256, 0.8897903060526867]], "fy": 530.155745465462, "fx": 530.155745465462}, {"id": 18, "img_name": "RRI_UAT_360e_018_rgba", "width": 500, "height": 500, "position": [1.6055502644645312, 0.054766216924106235, -1.1860640961956113], "rotation": [[0.8094529373271586, 0.044582601620541416, -0.5854898238954959], [-0.045874806607455035, 0.9988672676062932, 0.012636606485394438], [0.5853899933985577, 0.01663049420438883, 0.8105812619912666]], "fy": 655.331368549276, "fx": 655.331368549276}, {"id": 19, "img_name": "RRI_UAT_360e_019_rgba", "width": 500, "height": 500, "position": [1.825823640896225, -0.04546196539966145, -0.13800477965761537], "rotation": [[0.7103641524485812, 0.06138278504028376, -0.7011525687157589], [-0.04891338271254821, 0.9980866564547693, 0.03782204646175493], [0.7021326455219301, 0.007428317954804776, 0.7120074214393679]], "fy": 578.4577105778106, "fx": 578.4577105778106}, {"id": 20, "img_name": "RRI_UAT_360e_020_rgba", "width": 500, "height": 500, "position": [2.463062037046443, -0.06476013862797991, 0.5181055791653258], "rotation": [[0.5771375197789862, 0.06502423402511237, -0.814054133490401], [-0.04986394562605027, 0.9977709765777474, 0.04434709940560626], [0.8151232239299543, 0.014997576088683084, 0.5790934315993418]], "fy": 599.6012051953918, "fx": 599.6012051953918}, {"id": 21, "img_name": "RRI_UAT_360e_021_rgba", "width": 500, "height": 500, "position": [2.7874952977932934, -0.05326889867994033, 1.2960814819521356], "rotation": [[0.4461587080419769, 0.06405926038997937, -0.8926582875863543], [-0.05842832902017096, 0.9973919631497195, 0.042372186776936764], [0.8930445328236574, 0.03325181202036647, 0.4487379852331844]], "fy": 600.409844880298, "fx": 600.409844880298}, {"id": 22, "img_name": "RRI_UAT_360e_022_rgba", "width": 500, "height": 500, "position": [3.172845569084172, -0.08408163381011018, 2.0987528789937318], "rotation": [[0.28886833865268197, 0.06473524426340342, -0.9551776960724099], [-0.06299707234756029, 0.9968342269813555, 0.048506626290846795], [0.9552939085955042, 0.04616136987396614, 0.2920319779265332]], "fy": 650.1030920533312, "fx": 650.1030920533312}, {"id": 23, "img_name": "RRI_UAT_360e_023_rgba", "width": 500, "height": 500, "position": [3.084309145922869, -0.134736765374063, 3.00359262408337], "rotation": [[0.12652903095803725, 0.07877791263402607, -0.9888298361223967], [-0.06349272427285858, 0.9954406357360814, 0.07118015657299961], [0.9899288248602679, 0.053777143903072255, 0.1309539633016025]], "fy": 671.5579591442616, "fx": 671.5579591442616}, {"id": 24, "img_name": "RRI_UAT_360e_024_rgba", "width": 500, "height": 500, "position": [2.7583711199413607, -0.16523258521586293, 3.775944944709303], "rotation": [[-0.02346233038887896, 0.08536160753117644, -0.9960737497858363], [-0.06697898657528932, 0.993975158128201, 0.08675943972482059], [0.9974784881941416, 0.06875158895408139, -0.01760353959346632]], "fy": 682.7795273635757, "fx": 682.7795273635757}, {"id": 25, "img_name": "RRI_UAT_360e_025_rgba", "width": 500, "height": 500, "position": [2.4914854087705187, -0.20314123712448554, 4.531520984938448], "rotation": [[-0.1944219109903171, 0.08775288049473258, -0.9769849295110696], [-0.06500986238981271, 0.9926479518157587, 0.10209682437782588], [0.978761379662546, 0.08336351552601527, -0.18728770904737183]], "fy": 758.533368154357, "fx": 758.533368154357}, {"id": 26, "img_name": "RRI_UAT_360e_027_rgba", "width": 500, "height": 500, "position": [-9.243529973888478, -0.24314079525025342, -3.4481275825882363], "rotation": [[0.6896256367867406, -0.09653414172840301, 0.7177030309029239], [0.08509153805030223, 0.9950115951719433, 0.052070679135371715], [-0.7191494359580048, 0.025161179506244583, 0.6943997435246776]], "fy": 2920.6683348487413, "fx": 2920.6683348487413}, {"id": 27, "img_name": "RRI_UAT_360e_028_rgba", "width": 500, "height": 500, "position": [-5.112656022079699, 0.11052672124916978, -0.06092994455038922], "rotation": [[0.7517672537847104, -0.06922645236024962, 0.6557847927716903], [0.06335458493212741, 0.9974562997791827, 0.032666903723790656], [-0.6563780867039002, 0.016989064848768002, 0.7542407964108621]], "fy": 973.9736105086112, "fx": 973.9736105086112}, {"id": 28, "img_name": "RRI_UAT_360e_029_rgba", "width": 500, "height": 500, "position": [-4.472542096843014, 0.1704173689771954, -0.6289654946357703], "rotation": [[0.8601979372951486, -0.05004084432657983, 0.5074991847995959], [0.048317572311452374, 0.9986944546396335, 0.016577046720463267], [-0.5076661510078243, 0.010261587164169805, 0.8614927619833918]], "fy": 824.7537079551029, "fx": 824.7537079551029}, {"id": 29, "img_name": "RRI_UAT_360e_030_rgba", "width": 500, "height": 500, "position": [-3.7800643468164425, 0.21049112618732807, -1.1430547382476448], "rotation": [[0.9335508768278946, -0.03443997728988049, 0.3567865585166313], [0.03446405111851855, 0.9993861317260513, 0.006291970608606062], [-0.35678423389265557, 0.006422435512477962, 0.9341647407003323]], "fy": 745.252991696203, "fx": 745.252991696203}, {"id": 30, "img_name": "RRI_UAT_360e_031_rgba", "width": 500, "height": 500, "position": [-3.014215444642265, 0.19942747028974364, -1.481839368182539], "rotation": [[0.9790894776636656, -0.012055017650374467, 0.2030725763803172], [0.012216842039482964, 0.9999252673233283, 0.0004566606538126008], [-0.20306290527536766, 0.0020337939471782467, 0.9791635819327164]], "fy": 683.1899708930274, "fx": 683.1899708930274}, {"id": 31, "img_name": "RRI_UAT_360e_032_rgba", "width": 500, "height": 500, "position": [-2.205463268313889, 0.22847144271486483, -2.0608568661588933], "rotation": [[0.9988904616902813, -0.0018648212942582903, 0.047057071580338825], [0.002197931851816974, 0.9999728869922128, -0.007028113262776759], [-0.04704268954631973, 0.007123743538346324, 0.9988674775155354]], "fy": 698.8686738856346, "fx": 698.8686738856346}, {"id": 32, "img_name": "RRI_UAT_360e_033_rgba", "width": 500, "height": 500, "position": [-1.301650718051658, 0.14960238688455968, -1.817525577791846], "rotation": [[0.9932410063677591, 0.0172412451710519, -0.11478258898680013], [-0.01658186364996538, 0.999840083087152, 0.006697018005878197], [0.11487969823887495, -0.004748443663852328, 0.9933680623088887]], "fy": 631.2089433538264, "fx": 631.2089433538264}, {"id": 33, "img_name": "RRI_UAT_360e_034_rgba", "width": 500, "height": 500, "position": [-0.36647024402232636, 0.09026675621085418, -1.8574778594698245], "rotation": [[0.962216508106439, 0.03487206849105824, -0.2700432009264561], [-0.03192590835432177, 0.9993731883064436, 0.01529597561337157], [0.270407336999577, -0.0060966657582939, 0.9627267020101962]], "fy": 640.0919811057573, "fx": 640.0919811057573}, {"id": 34, "img_name": "RRI_UAT_360e_035_rgba", "width": 500, "height": 500, "position": [0.38858182194601054, 0.05802111578547631, -1.1579352212858116], "rotation": [[0.8977808570871837, 0.043332563390322196, -0.43830562578847376], [-0.039023006116347396, 0.9990606853337335, 0.01884017022573], [0.43871031175645436, 0.0001896589430487731, 0.8986285252472457]], "fy": 575.8406406035828, "fx": 575.8406406035828}]