0.5454675, 0.642684, 0.4422885, 0
0.6038694, 0.6317238, 0.4492023, 0
0.5359935, 0.6282367, 0.4067855, 0
0.506537, 0.6321745, 0.4578885, 0
0.5965722, 0.6482074, 0.4644139, 0
0.5090206, 0.6687424, 0.4449971, 0
0.5218418, 0.6154865, 0.4335105, 0
0.5677791, 0.6151418, 0.4099222, 0
0.5706118, 0.6727771, 0.4808942, 0
0.5585316, 0.6338488, 0.4184889, 0
0.5675732, 0.6360672, 0.4176212, 0
0.5038059, 0.6234102, 0.4412573, 0
0.5289221, 0.6625907, 0.4953035, 0
0.4871091, 0.65245, 0.4450983, 0
0.5185212, 0.6404283, 0.4728097, 0
0.5992379, 0.6164677, 0.4625327, 0
0.5227903, 0.6709828, 0.4459921, 0
0.5385743, 0.6537933, 0.4329174, 0
0.5407039, 0.6182711, 0.426581, 0
0.557533, 0.6640551, 0.4381919, 0
0.5878558, 0.619859, 0.4717865, 0
0.5651406, 0.6263216, 0.4615593, 0
0.5597988, 0.6531478, 0.4913504, 0
0.5158592, 0.6311591, 0.4270523, 0
0.5514853, 0.6558574, 0.4629702, 0
0.5735596, 0.6698373, 0.4790789, 0
0.5562077, 0.6408361, 0.4785554, 0
0.5303819, 0.6380975, 0.4229883, 0
0.5867439, 0.647391, 0.4733889, 0
0.5707187, 0.641425, 0.4550793, 0
0.5529692, 0.6802567, 0.4982125, 0
0.5808679, 0.6602022, 0.4669532, 0
0.5435265, 0.6304955, 0.4469882, 0
0.5319704, 0.6400888, 0.4780919, 0
0.5896855, 0.624894, 0.4197185, 0
0.5220362, 0.6689814, 0.4456483, 0
0.5312757, 0.6354977, 0.4405384, 0
0.5172472, 0.6233573, 0.4509551, 0
0.5105134, 0.6322095, 0.4557276, 0
0.5630507, 0.5988045, 0.4400464, 0
0.5824516, 0.6547399, 0.4793323, 0
0.5120922, 0.6216193, 0.4431838, 0
0.5411519, 0.6681324, 0.4397157, 0
0.54338, 0.6074106, 0.4124149, 0
0.5181053, 0.6541741, 0.4427992, 0
0.6099115, 0.6258519, 0.4571373, 0
0.5606284, 0.6565931, 0.4393114, 0
0.5599409, 0.6243342, 0.4681734, 0
0.5570017, 0.6484819, 0.4364325, 0
0.5487223, 0.6344167, 0.4094408, 0
0.5817635, 0.6616138, 0.474023, 0
0.5708512, 0.6335007, 0.4390373, 0
0.5747488, 0.6493409, 0.4656604, 0
0.5381336, 0.6192834, 0.3987695, 0
0.5700068, 0.6004131, 0.4120707, 0
0.5198144, 0.638714, 0.4103566, 0
0.5885532, 0.6196392, 0.4560031, 0
0.5328771, 0.5990808, 0.4140258, 0
0.5297926, 0.6626832, 0.4592074, 0
0.5124674, 0.682231, 0.4648741, 0
0.5513416, 0.6445472, 0.4831748, 0
0.5635064, 0.6274794, 0.4671203, 0
0.5912794, 0.6564038, 0.4452856, 0
0.5985344, 0.6350805, 0.4722555, 0
0.4934887, 0.6432986, 0.4248814, 0
0.5670331, 0.6279231, 0.4218391, 0
0.5214974, 0.6303161, 0.4126825, 0
0.5650313, 0.6195962, 0.4785222, 0
0.4935116, 0.6474365, 0.4402067, 0
0.5458379, 0.6027926, 0.434833, 0
0.5467635, 0.6206214, 0.4478823, 0
0.5086748, 0.6620767, 0.4613892, 0
0.5290489, 0.6670405, 0.4457593, 0
0.545102, 0.5969153, 0.4269166, 0
0.5266876, 0.6409175, 0.4140356, 0
0.596922, 0.6459968, 0.4658159, 0
0.5521695, 0.6377909, 0.4095037, 0
0.5639037, 0.6728233, 0.4655048, 0
0.5715716, 0.6514789, 0.4320272, 0
0.532548, 0.6492017, 0.4186024, 0
0.4735464, 0.6317497, 0.5973358, 1
0.6757071, 0.5169113, 0.4125139, 1
0.3710814, 0.6820439, 0.6290852, 1
0.5346409, 0.6255999, 0.6637347, 1
0.5524679, 0.5553573, 0.4912425, 1
0.5711834, 0.5472082, 0.4536884, 1
0.625522, 0.5886515, 0.7053682, 1
0.6582298, 0.5073813, 0.334799, 1
0.2930566, 0.6562947, 0.492239, 1
0.2915602, 0.6226094, 0.4253147, 1
0.2781851, 0.6440557, 0.4536305, 1
0.115313, 0.6313279, 0.4103236, 1
0.4684828, 0.557928, 0.2447006, 1
0.39549, 0.6031574, 0.1802157, 1
0.228333, 0.6941808, 0.6469025, 1
0.5656787, 0.5393098, 0.1978211, 1
0.71973, 0.4957437, 0.3273182, 1
0.5969397, 0.5287248, 0.1886486, 1
0.6452779, 0.5809973, 0.7279572, 1
0.5537508, 0.5762411, 0.5510249, 1
0.3042319, 0.5814803, 0.3349766, 1
0.336944, 0.574506, 0.3202253, 1
0.7750635, 0.4856293, 0.3261348, 1
0.3318382, 0.6550602, 0.5333136, 1
0.6717893, 0.4987162, 0.267665, 1
0.7493128, 0.5308248, 0.6772406, 1
0.831873, 0.471421, 0.276639, 1
0.6904309, 0.5083895, 0.3875682, 1
0.2630019, 0.5984747, 0.3163802, 1
0.3880783, 0.5635428, 0.3176973, 1
0.4734338, 0.5789939, 0.1823567, 1
0.5052248, 0.5480196, 0.2876908, 1
0.3922648, 0.5625899, 0.3149439, 1
0.8030534, 0.4978036, 0.5952802, 1
0.6558232, 0.5294586, 0.4573275, 1
0.3987588, 0.6466623, 0.5692291, 1
0.5753202, 0.5277451, 0.3198159, 1
0.1711652, 0.6615688, 0.5396888, 1
0.6438745, 0.5696123, 0.659237, 1
0.8570753, 0.4656798, 0.5116625, 1
0.390789, 0.5683413, 0.3817334, 1
0.8260208, 0.4967506, 0.5804068, 1
0.6726947, 0.5469892, 0.5640048, 1
0.7863582, 0.5003365, 0.4912445, 1
0.4679614, 0.5618909, 0.4426366, 1
0.5372747, 0.5756215, 0.5375467, 1
0.4846866, 0.5552875, 0.430898, 1
0.2644172, 0.631362, 0.4129484, 1
0.2062446, 0.6557449, 0.4132449, 1
0.4017664, 0.6078788, 0.4893276, 1
0.3618459, 0.6360428, 0.5156214, 1
0.430462, 0.6358355, 0.5641804, 1
0.5406128, 0.5380049, 0.310897, 1
0.6603326, 0.5566667, 0.7372606, 1
0.634408, 0.5281258, 0.4331431, 1
0.7754321, 0.5026392, 0.5669207, 1
0.4900015, 0.6026902, 0.1593842, 1
0.6154114, 0.5238822, 0.3848435, 1
0.6828123, 0.5051044, 0.3545416, 1
0.419104, 0.5715446, 0.2446403, 1
0.351955, 0.6566882, 0.5596277, 1
0.6192205, 0.6003742, 0.726016, 1
0.5551673, 0.5339934, 0.3884221, 1
0.6268969, 0.5911364, 0.728882, 1
0.7690957, 0.5274844, 0.6862199, 1
0.6787421, 0.5514184, 0.6276844, 1
0.6106538, 0.5908897, 0.6880345, 1
0.8412812, 0.4736346, 0.4915166, 1
0.4997099, 0.5488507, 0.2466289, 1
0.7430558, 0.5206267, 0.6095822, 1
0.745887, 0.5089783, 0.4737127, 1
0.6429863, 0.5806264, 0.7033809, 1
0.6890265, 0.5565194, 0.7293977, 1
0.4245591, 0.5937099, 0.1754038, 1
0.4040153, 0.587778, 0.2208794, 1
0.6076379, 0.5794481, 0.6076493, 1
0.5147147, 0.5587218, 0.4732937, 1
0.4128425, 0.6624017, 0.6133348, 1
0.370454, 0.6452587, 0.5451423, 1
0.3675554, 0.5726655, 0.3725908, 1
0.6027867, 0.5366334, 0.4365708, 1
0.5801712, 0.5510351, 0.5019283, 1
0.8145522, 0.51818, 0.6940793, 1
0.4079012, 0.5623143, 0.3720386, 1
0.2002341, 0.6205032, 0.3153046, 1
0.6205468, 0.5884019, 0.6982687, 1
0.5057224, 0.5825154, 0.5193732, 1
0.6647316, 0.4964806, 0.2354191, 1
0.8270349, 0.4952316, 0.5518953, 1
0.4692305, 0.6549606, 0.6535164, 1
0.5875789, 0.5407306, 0.1715391, 1
0.5788161, 0.5254037, 0.33956, 1
0.5058258, 0.5476461, 0.2809024, 1
0.7201022, 0.493992, 0.2996494, 1
0.615813, 0.5221249, 0.3748837, 1
0.7219753, 0.501633, 0.3800715, 1
0.2555889, 0.6859841, 0.5919232, 1
0.2534291, 0.6133673, 0.2416399, 1
0.384567, 0.7143986, 0.6988915, 1
0.2627649, 0.6595144, 0.4782415, 1
0.325006, 0.5847772, 0.3693089, 1
0.3592377, 0.5695312, 0.3082609, 1
0.4323751, 0.5823961, 0.4694698, 1
0.2421471, 0.6129167, 0.2591497, 1
0.3405934, 0.5827466, 0.2799833, 1
0.5178564, 0.5562289, 0.2064138, 1
0.8251954, 0.4714684, 0.3053242, 1
0.3816905, 0.6241127, 0.5100291, 1
0.4715104, 0.6198279, 0.1560313, 1
0.6508036, 0.5851739, 0.7241916, 1
0.5665929, 0.6293068, 0.7265498, 1
0.5042927, 0.5481426, 0.2957578, 1
0.7397947, 0.501194, 0.3618259, 1
0.8181238, 0.487434, 0.4688901, 1
0.7050717, 0.4963186, 0.2992117, 1
0.5766398, 0.5508291, 0.4930407, 1
0.3570417, 0.5878061, 0.2549279, 1
0.4145446, 0.5966437, 0.175972, 1
0.7339377, 0.5201644, 0.570909, 1
0.3958835, 0.5871522, 0.4424285, 1
0.6927524, 0.4910147, 0.265074, 1
0.5330137, 0.6430564, 0.7308399, 1
0.5962366, 0.6104681, 0.728017, 1
0.6448202, 0.5744238, 0.688139, 1
0.3259007, 0.6926435, 0.6336799, 1
0.6468326, 0.5087667, 0.2754393, 1
0.4193996, 0.5859684, 0.2062646, 1
0.2452936, 0.6680957, 0.5020216, 1
0.5235066, 0.5473672, 0.4276381, 1
0.730839, 0.4921655, 0.3179676, 1
0.8623094, 0.4876785, 0.5843031, 1
0.432838, 0.5536853, 0.3396042, 1
0.6012344, 0.5845727, 0.6185179, 1
0.2676032, 0.6189908, 0.2277705, 1
0.3590672, 0.5741099, 0.3563823, 1
0.644153, 0.535101, 0.4629398, 1
0.6374296, 0.5379242, 0.4683823, 1
0.4809983, 0.6786466, 0.7291923, 1
0.5538281, 0.5555166, 0.1731167, 1
0.6499704, 0.5403426, 0.5069926, 1
0.6849501, 0.52615, 0.4886497, 1
0.7380891, 0.5349391, 0.675973, 1
0.6596623, 0.5637705, 0.6559813, 1
0.4910616, 0.6718813, 0.7298871, 1
0.6788475, 0.4998725, 0.2879945, 1
0.7252923, 0.5237461, 0.5125677, 1
0.3857027, 0.6382771, 0.5414593, 1
0.7820214, 0.5187666, 0.6697972, 1
0.705329, 0.5513386, 0.7030529, 1
0.3990674, 0.676311, 0.6346728, 1
0.2538259, 0.6049803, 0.3460416, 1
0.5840945, 0.6039671, 0.7357598, 1
0.3735165, 0.5678096, 0.3323106, 1
0.4658484, 0.6233045, 0.1559043, 1
0.8101378, 0.5009437, 0.5625061, 1
0.8019275, 0.4703133, 0.2422878, 1
0.241705, 0.6113466, 0.344974, 1
0.3782681, 0.5707523, 0.3729724, 1
0.6114712, 0.5784773, 0.6087998, 1
0.8600008, 0.4705395, 0.3698196, 1
0.7294295, 0.5407799, 0.6860619, 1
0.4139827, 0.6779966, 0.6496318, 1
0.653888, 0.5520337, 0.5564781, 1
0.4538879, 0.5502856, 0.3447031, 1
0.5225365, 0.6182697, 0.6211225, 1
0.3867032, 0.5648546, 0.289137, 1
0.3867463, 0.6612226, 0.5975673, 1
0.164562, 0.6319591, 0.3603931, 1
0.4029269, 0.5678295, 0.3833699, 1
0.6781373, 0.5344861, 0.5099799, 1
0.8544403, 0.478239, 0.526328, 1
0.5129573, 0.5634249, 0.1910105, 1
0.2777126, 0.5936886, 0.2760268, 1
0.5626706, 0.5556436, 0.5031872, 1
0.5984258, 0.5231761, 0.2718502, 1
0.7869259, 0.5038464, 0.550589, 1
0.5410212, 0.5370545, 0.2954697, 1
0.5867459, 0.6128056, 0.7099401, 1
0.3479371, 0.6850525, 0.6252677, 1
0.7810252, 0.5033786, 0.547287, 1
0.2478324, 0.6357421, 0.2025637, 1
0.5933436, 0.5944966, 0.6450876, 1
0.4175226, 0.6241931, 0.5398287, 1
0.2934788, 0.6429506, 0.4646547, 1
0.3724219, 0.5683286, 0.3331363, 1
0.6785458, 0.5688757, 0.7249697, 1
0.4941966, 0.6226025, 0.598287, 1
0.506992, 0.5810174, 0.1684704, 1
0.7204695, 0.5449679, 0.6943498, 1
0.273956, 0.623889, 0.4132193, 1
0.6059012, 0.5952474, 0.7339636, 1
0.5309557, 0.6395037, 0.7025693, 1
0.5451273, 0.5354677, 0.2651521, 1
0.4769112, 0.5631408, 0.2227161, 1
0.2788111, 0.6450983, 0.4568188, 1
0.3163459, 0.6848807, 0.6100034, 1
0.6995481, 0.5237035, 0.4927078, 1
0.6727671, 0.53763, 0.5304614, 1
0.5164577, 0.5978786, 0.5679598, 1
0.441009, 0.7034152, 0.715761, 1
0.4577622, 0.5597023, 0.2524796, 1
0.5300854, 0.6108099, 0.6143606, 1
0.3908398, 0.7157333, 0.6991733, 1
0.1933952, 0.6631425, 0.5174112, 1
0.4203634, 0.5631209, 0.2635445, 1
0.548126, 0.6401604, 0.7263462, 1
0.3736102, 0.636867, 0.5267314, 1
0.4149261, 0.5975099, 0.4799391, 1
0.489623, 0.5422311, 0.3694291, 1
0.4304801, 0.5564172, 0.3136146, 1
0.7161577, 0.5182924, 0.4851605, 1
0.5324253, 0.5387071, 0.263117, 1
0.4823145, 0.550611, 0.4082507, 1
0.5258288, 0.559075, 0.4806099, 1
0.6303959, 0.5972691, 0.7237087, 1
0.5449979, 0.5363066, 0.3743648, 1
0.7607327, 0.5092804, 0.5651956, 1
0.6862971, 0.5397977, 0.5770413, 1
0.1844373, 0.6271085, 0.3312554, 1
0.442766, 0.5898303, 0.4903689, 1
0.6367556, 0.5859175, 0.7281507, 1
0.5352391, 0.5608527, 0.1776415, 1
0.6809484, 0.4840803, 0.1877668, 1
0.5758891, 0.530217, 0.2315311, 1
0.4783074, 0.653009, 0.6634484, 1
0.6662317, 0.5568825, 0.6174653, 1
0.2785352, 0.6170474, 0.3999612, 1
0.4660267, 0.6787831, 0.7051531, 1
0.6009737, 0.5269549, 0.1881312, 1
0.2336999, 0.6922163, 0.6299531, 1
0.4552254, 0.5501522, 0.3620107, 1
0.5523179, 0.5345325, 0.26123, 1
0.3804979, 0.6195121, 0.497283, 1
0.3030435, 0.6008531, 0.3931328, 1
0.3241092, 0.6101835, 0.4264124, 1
0.6633348, 0.5630853, 0.6647814, 1
0.8718743, 0.4560731, 0.5270496, 1
0.6406996, 0.5667277, 0.6006418, 1
0.4027292, 0.5950145, 0.4612954, 1
0.5970707, 0.5219124, 0.2779129, 1
0.2609244, 0.6778722, 0.5526705, 1
0.5857921, 0.5254403, 0.2723185, 1
0.7140064, 0.5272715, 0.5129111, 1
0.7376969, 0.5316032, 0.6607119, 1
0.5745012, 0.6180071, 0.7065319, 1
0.7963536, 0.5265669, 0.7187838, 1
0.5376679, 0.5686376, 0.5076313, 1
0.4816919, 0.5979912, 0.1643667, 1
0.4527812, 0.6874078, 0.7073288, 1
0.3902104, 0.5919466, 0.2233351, 1
0.3243052, 0.6221424, 0.4539604, 1
0.7734169, 0.4979104, 0.4322553, 1
0.4082417, 0.5977572, 0.471095, 1
0.7835363, 0.491085, 0.3724827, 1
0.3533306, 0.6368085, 0.511673, 1
0.570574, 0.6052499, 0.6483834, 1
0.7348931, 0.4696124, 0.2399239, 1
0.4773163, 0.6581705, 0.6799952, 1
0.8547549, 0.4891623, 0.5799686, 1
0.4461224, 0.5627452, 0.2469202, 1
0.5403874, 0.6052213, 0.1401855, 1
0.5829608, 0.5259315, 0.3248665, 1
0.1646587, 0.6302655, 0.2858258, 1
0.7854391, 0.4739684, 0.2664106, 1
0.5865012, 0.5533587, 0.5126408, 1
0.5137358, 0.6613905, 0.7273041, 1
0.2830068, 0.7057653, 0.6803141, 1
0.504972, 0.6237571, 0.6200238, 1
0.6454822, 0.5488226, 0.5315343, 1
0.6670892, 0.5607666, 0.6514311, 1
0.5425993, 0.5354854, 0.38012, 1
0.5427045, 0.5341141, 0.3314897, 1
0.7577148, 0.4958292, 0.3546121, 1
0.3725486, 0.5707352, 0.3563211, 1
0.5514249, 0.5598951, 0.499063, 1
0.2886783, 0.701771, 0.6578452, 1
0.2314432, 0.6609204, 0.4523362, 1
0.5369653, 0.5960694, 0.5814737, 1
0.4799429, 0.5512177, 0.4092685, 1
0.6699404, 0.5664806, 0.6992485, 1
0.6641337, 0.5368936, 0.5061476, 1
0.4806941, 0.6794683, 0.7284917, 1
0.6616259, 0.5433816, 0.5327007, 1
0.4192992, 0.6857027, 0.6709507, 1
0.3412203, 0.5798086, 0.3662266, 1
0.5796916, 0.5266296, 0.2854844, 1
0.5780471, 0.6117275, 0.6970622, 1
0.2808915, 0.592774, 0.339304, 1
0.5371627, 0.5578727, 0.4850526, 1
0.5891356, 0.5748156, 0.5699378, 1
0.7339817, 0.517108, 0.4845596, 1
0.7358563, 0.4955349, 0.3370639, 1
0.6115265, 0.593874, 0.7004642, 1
0.2943429, 0.592797, 0.2746573, 1
0.8461577, 0.4617162, 0.3011357, 1
0.4865176, 0.6656623, 0.6995609, 1
0.3061268, 0.6853068, 0.6039823, 1
0.4280905, 0.5709765, 0.4261582, 1
0.77213, 0.5043986, 0.5702512, 1
0.5998205, 0.5209666, 0.3073959, 1
0.1869285, 0.661431, 0.509934, 1
0.5383914, 0.5741339, 0.1608908, 1
0.3288417, 0.5989149, 0.4119268, 1
0.3874263, 0.6568986, 0.587288, 1
0.4700801, 0.5567188, 0.4181416, 1
0.394543, 0.7147006, 0.7009296, 1
0.1809994, 0.6401944, 0.3836352, 1
0.8422667, 0.4946122, 0.6025842, 1
0.5719596, 0.5696062, 0.5399985, 1
0.4791484, 0.6251747, 0.1508599, 1
0.3228385, 0.5948275, 0.2615043, 1
0.380592, 0.607632, 0.1923599, 1
0.4556524, 0.655642, 0.6387604, 1
0.4979348, 0.5457302, 0.3106778, 1
0.7385666, 0.5113638, 0.4338762, 1
0.3764956, 0.581463, 0.4076819, 1
0.4043649, 0.5915738, 0.4583858, 1
0.5546821, 0.5579113, 0.4980611, 1
0.6650002, 0.4939068, 0.2110621, 1
0.3788477, 0.5778021, 0.2551455, 1
0.5364029, 0.5566217, 0.1851406, 1
0.1704655, 0.6588713, 0.4967118, 1
0.791806, 0.4885469, 0.3660074, 1
0.3157899, 0.6724929, 0.5741215, 1
0.1358686, 0.623555, 0.3726011, 1
0.4404297, 0.6666602, 0.6518576, 1
0.7872546, 0.5062919, 0.633498, 1
0.3709447, 0.7158431, 0.6938651, 1
0.263661, 0.6132838, 0.3725542, 1
0.4842502, 0.6758096, 0.7301007, 1
0.3965385, 0.5867815, 0.2291334, 1
0.7829948, 0.48349, 0.3304473, 1
0.388357, 0.6099083, 0.1787434, 1
0.7219848, 0.5232607, 0.5684802, 1
0.2558416, 0.6229668, 0.224722, 1
0.5502142, 0.5476052, 0.441591, 1
0.3923067, 0.6801277, 0.6367964, 1
0.4085183, 0.5952542, 0.1881294, 1
0.3932855, 0.606656, 0.178728, 1
0.5221493, 0.5415468, 0.2587022, 1
0.2559825, 0.6169365, 0.3698246, 1
0.6793703, 0.5038947, 0.3628837, 1
0.3446226, 0.5772865, 0.2910252, 1
0.1290963, 0.6422153, 0.4859187, 1
0.634176, 0.5752253, 0.7367619, 1
0.5633947, 0.6269187, 0.7168457, 1
0.6551854, 0.5643779, 0.6288863, 1
0.7139045, 0.4993898, 0.3384607, 1
0.4318344, 0.5588952, 0.2687303, 1
0.5245387, 0.5559381, 0.4751472, 1
0.5913095, 0.5228236, 0.3514004, 1
0.7663893, 0.4972096, 0.3801592, 1
0.6625892, 0.572982, 0.709632, 1
0.4559074, 0.6966484, 0.7221673, 1
0.5888425, 0.608331, 0.7020917, 1
0.719619, 0.5117242, 0.4508772, 1
0.2812991, 0.657067, 0.4837146, 1
0.3555372, 0.6840559, 0.6265054, 1
0.2655241, 0.5994779, 0.3292586, 1
0.3871709, 0.5746345, 0.3978606, 1
0.4239844, 0.6664087, 0.6378121, 1
0.4039491, 0.5975, 0.1886253, 1
0.507268, 0.62239, 0.6155459, 1
0.6784986, 0.5039324, 0.331076, 1
0.8319456, 0.4958974, 0.5977867, 1
0.1793216, 0.6683404, 0.5658445, 1
0.3996488, 0.6652932, 0.6117656, 1
0.6727217, 0.488875, 0.2163936, 1
0.4166567, 0.6559421, 0.6023155, 1
0.4820524, 0.6036969, 0.541167, 1
0.5063344, 0.6204258, 0.607116, 1
0.4169628, 0.5968289, 0.4785401, 1
0.7146157, 0.4785473, 0.2489437, 1
0.4504507, 0.6023051, 0.5194501, 1
0.6453623, 0.5355188, 0.4726154, 1
0.3534748, 0.6070841, 0.4434017, 1
0.300329, 0.5900973, 0.2792802, 1
0.3498298, 0.6284703, 0.4900975, 1
0.7099935, 0.5196816, 0.490836, 1
0.4242325, 0.6406244, 0.5681034, 1
0.7874169, 0.5275259, 0.7103726, 1
0.3704193, 0.5715907, 0.3594577, 1
0.5939053, 0.5971793, 0.6636461, 1
0.4437615, 0.5619677, 0.4047701, 1
0.5805387, 0.566539, 0.5382459, 1
0.2928553, 0.5857468, 0.3429798, 1
0.3124378, 0.6160516, 0.4331975, 1
0.5887814, 0.5265285, 0.25319, 1
0.5738024, 0.599269, 0.628342, 1
0.8236212, 0.4973015, 0.5783389, 1
0.477689, 0.6826254, 0.7272211, 1
0.5888165, 0.5247161, 0.2719485, 1
0.2137406, 0.6669533, 0.5032893, 1
0.3311976, 0.6398785, 0.4950202, 1
0.7829372, 0.5005329, 0.4877286, 1
0.4261051, 0.5704226, 0.2422874, 1
0.6340467, 0.5404745, 0.492932, 1
0.3224514, 0.5883505, 0.3754221, 1
0.5620377, 0.5511805, 0.1740547, 1
0.6506264, 0.5851148, 0.7242687, 1
0.74142, 0.5175143, 0.5051137, 1
0.8018052, 0.4699717, 0.2377579, 1
0.6732053, 0.4883596, 0.2136756, 1
0.7161065, 0.501614, 0.3785, 1
0.7542199, 0.5087894, 0.4529972, 1
0.5823541, 0.5316533, 0.201219, 1
0.5625991, 0.5347068, 0.2448245, 1
0.2857953, 0.6601095, 0.4948801, 1
0.3387343, 0.5876583, 0.3929772, 1
0.6462085, 0.5089457, 0.3261939, 1
0.5932902, 0.5256721, 0.2604526, 1
0.5446736, 0.5532166, 0.4734834, 1
0.4888158, 0.6732024, 0.7298651, 1
0.4752643, 0.5777721, 0.4902916, 1
0.8235089, 0.4972866, 0.5847461, 1
0.54035, 0.6291736, 0.6884679, 1
0.6917015, 0.5452892, 0.6271663, 1
0.3269482, 0.6063777, 0.4233237, 1
0.4045891, 0.5602059, 0.3257684, 1
0.7692207, 0.4954605, 0.4075862, 1
0.5129487, 0.5383762, 0.3875998, 1
0.8671334, 0.4955135, 0.6155874, 1
0.3455216, 0.6180313, 0.1963501, 1
0.4493914, 0.5590466, 0.2658745, 1
0.8529013, 0.4684202, 0.4255872, 1
0.5304385, 0.6374012, 0.737127, 1
0.3295687, 0.587544, 0.274659, 1
0.6743951, 0.5565972, 0.6397938, 1
0.7160562, 0.5028688, 0.3633165, 1
0.5395919, 0.6312757, 0.7369488, 1
0.5956098, 0.5219322, 0.2820837, 1
0.4995397, 0.6252556, 0.6164455, 1
0.4091379, 0.5912699, 0.4624589, 1
0.3380515, 0.7104611, 0.688614, 1
0.6861215, 0.5354329, 0.5422316, 1
0.3415949, 0.5765206, 0.3450664, 1
0.8317633, 0.4760587, 0.4540263, 1
0.51415, 0.6580678, 0.7294854, 1
0.3094484, 0.5887422, 0.279728, 1
0.392475, 0.6608384, 0.5985171, 1
0.3104088, 0.577973, 0.3205535, 1
0.6382938, 0.5378325, 0.4786893, 1
0.2360827, 0.6103922, 0.2760766, 1
0.5461358, 0.5365374, 0.3198871, 1
0.5080485, 0.5631632, 0.1945636, 1
0.6800076, 0.5220031, 0.432552, 1
0.5044155, 0.5447351, 0.3177639, 1
0.7514887, 0.5045438, 0.4258633, 1
0.1940873, 0.6463233, 0.3937394, 1
0.3057519, 0.5831766, 0.3443972, 1
0.6679587, 0.5657046, 0.7289147, 1
0.6812971, 0.4861123, 0.1822236, 1
0.1974725, 0.6308651, 0.2416605, 1
0.448825, 0.5557404, 0.2892732, 1
0.4162598, 0.5622728, 0.2686678, 1
0.2825428, 0.6755854, 0.5575089, 1
0.8192453, 0.4723589, 0.2864034, 1
0.2282875, 0.6978849, 0.6657465, 1
0.6768364, 0.5341446, 0.5146181, 1
0.2504657, 0.6143822, 0.3594255, 1
0.67158, 0.5574883, 0.6350778, 1
0.4760951, 0.5836856, 0.5061462, 1
0.7036478, 0.5135435, 0.420759, 1
0.8759463, 0.4309705, 0.4924611, 1
0.4026845, 0.568133, 0.2616259, 1
0.2670721, 0.697224, 0.638698, 1
0.332516, 0.6689764, 0.5738624, 1
0.2488551, 0.6890905, 0.6037727, 1
0.6884983, 0.4781722, 0.1990856, 1
0.3056224, 0.7030113, 0.6646904, 1
0.4977147, 0.6681996, 0.7148479, 1
0.4823083, 0.5534814, 0.2503355, 1
0.7473336, 0.5180976, 0.6063108, 1
0.5129111, 0.5383022, 0.3674675, 1
0.3570787, 0.6078808, 0.2120504, 1
0.3378205, 0.6064237, 0.4310694, 1
0.6026368, 0.5310757, 0.4232169, 1
0.3873201, 0.6872901, 0.650907, 1
0.2890135, 0.7100618, 0.6797335, 1
0.489308, 0.551657, 0.2617934, 1
0.4383107, 0.5554751, 0.3201892, 1
0.6520465, 0.5022188, 0.1956733, 1
0.7511153, 0.5080232, 0.4736018, 1
0.6045253, 0.582369, 0.6143692, 1
0.7089183, 0.5279119, 0.5712333, 1
0.7462352, 0.4876639, 0.2948841, 1
0.6875819, 0.4934573, 0.2676083, 1
0.7510363, 0.5097498, 0.4798344, 1
0.5321855, 0.5472634, 0.4303776, 1
0.3931203, 0.5788049, 0.4112629, 1
0.6994009, 0.5398407, 0.6104064, 1
0.6872389, 0.4989995, 0.2952684, 1
0.2572863, 0.6015809, 0.336506, 1
0.5531248, 0.62493, 0.7354043, 1
0.1734296, 0.631174, 0.3494608, 1
0.1745601, 0.6366663, 0.3860861, 1
0.6527131, 0.5064542, 0.2773503, 1
0.6531275, 0.5161476, 0.3834068, 1
0.3746248, 0.5684755, 0.3423335, 1
0.6316332, 0.5566532, 0.5514535, 1
0.526442, 0.5592716, 0.1897845, 1
0.6508986, 0.5017774, 0.2137345, 1
0.4743506, 0.6515077, 0.6521828, 1
0.5309483, 0.5527523, 0.2005583, 1
0.5067995, 0.5442645, 0.3197179, 1
0.2571773, 0.6036914, 0.2686643, 1
0.5119514, 0.6650706, 0.7248914, 1
0.3848277, 0.6960902, 0.667899, 1
0.5281906, 0.6356944, 0.6915759, 1
0.2635927, 0.6903526, 0.6105507, 1
0.8704723, 0.4396572, 0.5038778, 1
0.5162013, 0.6526287, 0.7325715, 1
0.4528833, 0.6997088, 0.7199636, 1
0.3597516, 0.6346204, 0.5112056, 1
0.6429381, 0.5087063, 0.2636127, 1
0.6483017, 0.5630792, 0.5971503, 1
0.3661683, 0.7155799, 0.6925423, 1
0.5569645, 0.5586258, 0.50192, 1
0.4025192, 0.5629289, 0.2930892, 1
0.632239, 0.5196783, 0.1711483, 1
0.3100601, 0.6155644, 0.2242734, 1
0.3395738, 0.6825756, 0.6158822, 1
0.5255123, 0.6432129, 0.7356462, 1
0.6715597, 0.5038084, 0.1621161, 1
0.4896095, 0.5830681, 0.511757, 1
0.5042627, 0.6150168, 0.5924188, 1
0.3812768, 0.670769, 0.6100461, 1
0.5310292, 0.5399748, 0.256664, 1
0.7055228, 0.5509902, 0.6938647, 1
0.3966591, 0.7101426, 0.6971067, 1
0.7731127, 0.5072043, 0.457541, 1
0.1720798, 0.6658926, 0.5711835, 1
0.345931, 0.6100708, 0.4446914, 1
0.7429206, 0.4648442, 0.2331173, 1
0.2395013, 0.6796259, 0.5614171, 1
0.6246546, 0.514079, 0.2327846, 1
0.5600998, 0.5483003, 0.4502184, 1
0.5563294, 0.6069381, 0.6330714, 1
0.3284142, 0.6390913, 0.4902005, 1
0.7976576, 0.4835545, 0.3497024, 1
0.4458184, 0.5525984, 0.3613889, 1
0.267171, 0.6240329, 0.399544, 1
0.5950111, 0.5739831, 0.5721626, 1
0.3232031, 0.7052808, 0.6787055, 1
0.7368832, 0.4938513, 0.3328104, 1
0.3381201, 0.6792901, 0.6065033, 1
0.1916357, 0.6630776, 0.4923231, 1
0.3808771, 0.6713139, 0.6106637, 1
0.3160076, 0.5776294, 0.3246732, 1
0.6661878, 0.5694157, 0.7275268, 1
0.8574684, 0.4606414, 0.4375581, 1
0.3651829, 0.5833873, 0.2570958, 1
0.2042927, 0.6643236, 0.5060323, 1
0.6981194, 0.5048794, 0.3855278, 1
0.5416318, 0.6315564, 0.7007469, 1
0.847203, 0.4652636, 0.4767685, 1
0.4796149, 0.5523556, 0.2831905, 1
0.4719397, 0.5556034, 0.2698658, 1
0.8439102, 0.4878685, 0.5597019, 1
0.4622258, 0.6934872, 0.7255762, 1
0.5706714, 0.5274643, 0.3445989, 1
0.574119, 0.6180887, 0.7060993, 1
0.4805107, 0.5471644, 0.3822404, 1
0.5233837, 0.5676347, 0.1754738, 1
0.3490714, 0.712627, 0.6904938, 1
0.4027105, 0.5754699, 0.4121631, 1
0.5428862, 0.6279622, 0.7374266, 1
0.6920952, 0.4763227, 0.2114598, 1
0.6023015, 0.5673785, 0.559337, 1
0.4972145, 0.5450018, 0.3996775, 1
0.4570706, 0.6938335, 0.7221237, 1
0.5122325, 0.6635505, 0.7225749, 1
0.2286504, 0.6573578, 0.4305163, 1
0.5594452, 0.5303051, 0.2930134, 1
0.4555221, 0.5731034, 0.4613024, 1
0.2953282, 0.5952457, 0.2692101, 1
0.4099686, 0.6715528, 0.6370749, 1
0.634321, 0.5677183, 0.5905699, 1
0.4700674, 0.6312506, 0.5919427, 1
0.1644955, 0.6607836, 0.5343578, 1
0.5531888, 0.5417018, 0.4213445, 1
0.6769046, 0.5468174, 0.593794, 1
0.5064758, 0.5446234, 0.3212392, 1
0.2390371, 0.6642009, 0.4883822, 1
--COLORS--
1, 1, 1, 1
0, 0, 0, 1
